-119.437 61.5586 649.276 1394 220217
-115.507 61.5586 649.276 1195 220210
-112.847 62.2173 662.542 958 220227
-115.507 62.876 675.808 848 220240
-116.777 63.5347 689.074 691 220231
-119.437 64.1934 702.34 707 220228
-120.707 64.8521 715.606 945 220229
-119.437 65.5108 728.872 1109 220229
-120.707 66.1695 742.138 1620 220227
-119.609 59.6269 695.707 138 220233
-119.609 63.5569 695.707 443 220226
-119.799 64.8269 708.973 210 220238
-119.799 69.3268 708.973 121 220246
-119.988 71.9868 722.239 959 220241
-120.367 83.7767 748.771 2181 220241
-115.507 52.5516 649.276 1195 220210
-111.577 52.5516 649.276 888 220216
-107.647 52.5516 649.276 887 220219
-97.1265 29.5422 662.542 2795 220231
-93.1965 29.5422 662.542 1484 220232
-84.0665 6.53285 675.808 586 220232
-80.1365 6.53285 675.808 113 220227
-73.5465 -16.4765 689.074 158 220216
-69.6165 -16.4765 689.074 710 220239
-59.9165 -39.4859 702.34 302 220221
-55.9865 -39.4859 702.34 587 220217
-45.4665 -62.4953 715.606 336 220229
-41.5365 -62.4953 715.606 731 220240
-28.4765 -85.5046 728.872 655 220249
-24.5465 -85.5046 728.872 282 220235
-14.0265 -108.514 742.138 344 220230
-10.0965 -108.514 742.138 623 220243
-6.16651 -108.514 742.138 214 220233
7.49651 -131.523 755.404 475 220247
11.4265 -131.523 755.404 394 220242
25.8765 -154.533 768.67 113 220227
29.8065 -154.533 768.67 648 220242
33.7365 -154.533 768.67 370 220243
-105.859 41.247 655.909 1289 220223
-105.859 37.317 655.909 240 220188
-105.859 33.387 655.909 598 220221
-91.0775 16.3971 669.175 207 220237
-91.0775 12.4671 669.175 280 220226
-76.2964 -2.58583 682.441 164 220226
-76.2964 -6.51581 682.441 314 220231
-76.2964 -10.4458 682.441 119 220205
-61.5152 -23.5057 695.707 146 220232
-61.5152 -27.4357 695.707 242 220229
-61.5152 -31.3657 695.707 188 220229
-46.7341 -45.8156 708.973 223 220225
-46.7341 -49.7456 708.973 413 220234
-46.7341 -53.6756 708.973 260 220227
-31.953 -67.3055 722.239 314 220226
-31.953 -71.2355 722.239 345 220208
-31.953 -75.1655 722.239 382 220232
-17.1719 -89.6154 735.505 161 220213
-17.1719 -93.5454 735.505 342 220233
-17.1719 -97.4753 735.505 490 220230
-2.39076 -114.465 748.771 163 220219
-2.39076 -118.395 748.771 493 220234
-2.39076 -122.325 748.771 458 220213
12.3904 -141.308 762.037 320 220229
12.3904 -145.238 762.037 593 220238
12.3904 -149.168 762.037 324 220211
27.1715 -170.088 775.303 372 220238
27.1715 -174.018 775.303 307 220235
27.1715 -177.948 775.303 456 220237
106.317 -194.166 1048.53 82 225453
105.047 -190.744 1061.79 311 225477
101.117 -190.744 1061.79 285 225497
102.387 -187.322 1075.06 195 225496
94.5265 -187.322 1075.06 357 225493
101.117 -183.9 1088.33 351 225492
98.4565 -180.478 1101.59 211 225507
97.1865 -177.056 1114.86 493 225493
98.4565 -173.47 1128.76 82 225472
94.5265 -173.47 1128.76 100 225451
93.2565 -170.048 1142.02 365 225496
90.5965 -166.626 1155.29 447 225489
89.3265 -163.204 1168.56 442 225490
86.6665 -159.782 1181.82 456 225495
85.3965 -156.36 1195.09 398 225502
82.7365 -152.938 1208.35 427 225495
81.4665 -149.516 1221.62 598 225491
78.8065 -146.094 1234.89 382 225491
73.6065 -142.672 1248.15 188 225496
74.8765 -139.249 1261.42 141 225497
69.6765 -135.827 1274.68 505 225497
65.7465 -128.414 1303.43 171 225478
57.3165 -121.009 1332.13 703 225487
49.4565 -113.733 1360.34 345 225500
37.6665 -106.367 1388.89 458 225481
29.8065 -99.2334 1416.55 338 225496
25.8765 -99.2334 1416.55 174 225480
18.0165 -91.919 1444.9 164 225504
14.0865 -91.919 1444.9 460 225483
104.192 -185.808 1068.43 650 225480
102.048 -184.538 1081.69 469 225498
99.9031 -181.878 1094.96 341 225462
97.7584 -176.678 1108.22 514 225495
95.511 -174.018 1122.13 503 225484
93.3663 -172.748 1135.39 217 225482
91.2216 -170.088 1148.66 161 225481
91.2216 -166.158 1148.66 156 225470
89.077 -164.888 1161.92 451 225482
86.9323 -162.228 1175.19 295 225493
84.7876 -160.958 1188.46 204 225482
84.7876 -157.028 1188.46 94 225452
82.6429 -154.368 1201.72 201 225490
80.4982 -153.098 1214.99 369 225488
78.3535 -150.438 1228.25 598 225491
78.3535 -146.508 1228.25 203 225490
76.2088 -149.168 1241.52 185 225507
76.2088 -145.238 1241.52 145 225508
74.0641 -142.578 1254.79 364 225496
71.9194 -141.308 1268.05 430 225501
69.2679 -136.142 1284.45 141 225500
69.2679 -132.212 1284.45 137 225496
64.7161 -128.282 1312.61 489 225497
60.0996 -119.819 1341.16 484 225497
55.4831 -111.959 1369.72 213 225471
55.4831 -108.029 1369.72 479 225488
50.9879 -104.099 1397.52 162 225491
50.9879 -100.169 1397.52 111 225481
46.4199 -92.3092 1425.78 173 225522
46.4199 -88.3792 1425.78 196 225480
41.8034 -80.5192 1454.33 478 225497
41.8034 -76.5893 1454.33 232 225461
-120.707 190.448 209.592 343 226850
-119.437 188.674 222.858 424 226852
-120.707 186.901 236.124 497 226852
-119.437 185.127 249.39 531 226860
-120.707 183.353 262.656 527 226851
-120.707 179.806 289.188 470 226866
-124.637 179.806 289.188 50 226814
-119.437 178.033 302.454 664 226854
-120.707 176.259 315.72 439 226864
-119.437 174.4 329.621 518 226852
-120.707 172.627 342.887 534 226854
-119.437 170.853 356.153 580 226862
-120.707 169.079 369.419 589 226867
-120.707 165.532 395.951 478 226852
-119.437 163.759 409.217 553 226848
-120.707 161.985 422.483 583 226859
-119.437 160.211 435.749 463 226856
-120.707 158.438 449.015 436 226857
-119.437 156.664 462.281 477 226861
-120.707 154.89 475.547 523 226855
-119.437 153.032 489.448 844 226857
-116.777 151.258 502.715 489 226870
-119.437 149.485 515.981 458 226855
-116.777 147.711 529.247 491 226876
-119.437 145.937 542.513 634 226857
-116.777 144.164 555.779 257 226863
-119.437 142.39 569.045 695 226858
-119.437 135.296 622.109 507 226861
-119.437 131.664 649.276 500 226862
-120.707 129.89 662.542 478 226867
-119.437 128.116 675.808 562 226868
-120.707 126.343 689.074 399 226863
-119.437 124.569 702.34 651 226862
-120.707 122.795 715.606 419 226864
-119.437 121.022 728.872 435 226858
-120.707 119.248 742.138 649 226863
-119.437 117.475 755.404 615 226869
-120.707 115.701 768.67 645 226884
-119.437 113.927 781.936 326 226868
-120.707 112.154 795.202 467 226870
-119.437 110.295 809.103 546 226866
-120.707 108.521 822.37 460 226869
-119.437 106.748 835.635 480 226866
-120.707 104.974 848.902 498 226881
-119.437 103.201 862.168 400 226872
-120.707 101.427 875.434 524 226873
-119.437 99.6534 888.7 699 226884
-120.707 97.8797 901.966 906 226890
-119.437 96.1061 915.232 604 226874
-123.367 96.1061 915.232 571 226876
-120.707 94.3325 928.498 748 226872
-124.637 94.3325 928.498 521 226885
-119.437 92.5589 941.764 430 226872
-123.367 92.5589 941.764 753 226886
-127.9 92.5589 941.764 315 226867
-120.707 90.7852 955.03 517 226892
-137.03 90.7852 955.03 97 226866
-120.707 87.1531 982.197 419 226869
-144.89 87.1531 982.197 69 226900
-123.367 85.3794 995.463 354 226893
-120.707 83.6058 1008.73 375 226874
-123.367 81.8322 1022 415 226902
-124.637 80.0586 1035.26 58 226872
-123.367 78.2849 1048.53 494 226874
-124.637 76.5113 1061.79 322 226895
-129.17 76.5113 1061.79 191 226871
-104.987 76.5113 1061.79 110 226869
-123.367 74.7377 1075.06 591 226888
-124.637 72.9641 1088.33 486 226906
-123.367 71.1904 1101.59 882 226895
-124.637 69.4168 1114.86 318 226901
-123.367 67.5583 1128.76 607 226909
-124.637 65.7847 1142.02 726 226895
-123.367 64.011 1155.29 602 226897
-124.637 62.2374 1168.56 655 226891
-123.367 60.4638 1181.82 436 226898
-124.637 58.6902 1195.09 527 226906
-123.367 56.9165 1208.35 497 226901
-124.637 55.1429 1221.62 534 226899
-123.367 53.3693 1234.89 401 226904
-124.637 51.5956 1248.15 488 226911
-124.637 48.0484 1274.68 676 226898
-120.629 191.759 202.959 439 226863
-120.619 190.489 216.225 437 226855
-120.609 187.829 229.491 502 226857
-120.598 186.559 242.757 178 226855
-120.588 183.899 256.023 1083 226860
-120.577 182.629 269.289 1066 226862
-120.567 179.969 282.555 942 226858
-120.556 178.699 295.821 562 226855
-120.546 176.039 309.087 542 226864
-120.535 174.769 322.988 734 226868
-120.524 172.109 336.254 444 226865
-120.514 170.839 349.52 366 226864
-120.504 168.179 362.786 162 226881
-120.483 168.179 389.318 176 226866
-120.472 162.979 402.584 273 226870
-120.462 164.249 415.85 401 226863
-120.451 162.979 429.116 130 226860
-120.441 160.319 442.382 510 226874
-120.43 159.049 455.648 290 226859
-120.42 156.389 468.914 437 226862
-120.409 155.119 482.815 400 226863
-120.399 152.459 496.082 353 226874
-120.388 151.189 509.348 472 226876
-120.378 148.529 522.614 454 226861
-120.367 147.259 535.88 121 226882
-120.357 148.529 549.146 101 226858
-120.357 144.599 549.146 540 226880
-120.346 143.329 562.412 537 226882
-120.336 140.669 575.678 418 226883
-120.325 139.399 588.944 470 226866
-120.315 136.74 602.21 356 226863
-120.305 135.47 615.476 395 226865
-120.294 136.74 628.742 60 226852
-120.294 132.81 628.742 770 226881
-120.283 131.54 642.643 463 226863
-120.252 128.277 682.441 388 226866
-120.241 127.007 695.707 434 226865
-120.231 124.347 708.973 260 226886
-120.221 123.077 722.239 325 226931
-120.2 119.147 748.771 516 226899
-120.189 116.487 762.037 550 226888
-120.179 115.217 775.303 360 226894
-120.168 112.557 788.569 204 226901
-120.157 111.287 802.47 417 226901
-120.147 108.627 815.736 244 226900
-120.136 107.357 829.003 337 226901
-120.126 104.697 842.269 131 226900
-120.116 103.427 855.535 479 226886
-120.105 104.697 868.801 343 226898
-120.095 99.4967 882.067 274 226913
-120.084 100.767 895.333 749 226891
-120.074 99.4967 908.599 523 226889
-120.074 95.5667 908.599 94 226916
-120.063 96.8367 921.865 897 226894
-120.053 95.5667 935.131 893 226894
-120.042 96.8367 948.397 695 226887
-120.042 92.9067 948.397 401 226867
-120.031 87.7067 962.298 92 226910
-120.021 88.9767 975.564 583 226899
-120.021 81.1168 975.564 137 226900
-120.011 87.7067 988.83 333 226899
-120.011 83.7767 988.83 66 226875
-120 85.0467 1002.1 424 226895
-119.99 83.7767 1015.36 436 226898
-119.979 112.557 1028.63 101 226894
-119.979 81.1168 1028.63 517 226902
-119.969 87.7067 1041.89 552 226900
-119.969 79.8468 1041.89 429 226905
-119.958 85.0467 1055.16 619 226899
-119.958 77.1868 1055.16 443 226900
-119.948 83.7767 1068.43 198 226884
-119.948 75.9168 1068.43 670 226897
-119.937 73.2568 1081.69 390 226896
-119.927 71.9868 1094.96 491 226902
-119.917 69.3268 1108.22 382 226899
-119.906 68.0568 1122.13 403 226901
-119.895 64.8269 1135.39 527 226893
-119.885 63.5569 1148.66 671 226895
-119.874 60.8969 1161.92 533 226898
-119.864 59.6269 1175.19 504 226897
-119.853 56.9669 1188.46 420 226890
-119.843 55.6969 1201.72 429 226891
-119.832 53.0369 1214.99 213 226914
-119.822 51.7669 1228.25 511 226899
-119.812 49.1069 1241.52 222 226904
-119.801 47.8369 1254.79 697 226899
-119.791 49.1069 1268.05 118 226907
-119.791 45.1769 1268.05 59 226931
-119.778 46.4131 1284.45 364 226898
-119.756 42.4832 1312.61 407 226903
-119.733 38.5532 1341.16 380 226904
-119.711 34.6232 1369.72 365 226897
-119.689 30.6932 1397.52 369 226899
-119.667 26.7632 1425.78 449 226909
-119.644 22.8333 1454.33 424 226915
-119.622 18.9033 1482.44 420 226917
-119.6 14.9733 1510.4 282 226899
-119.578 11.0433 1538.65 405 226917
-119.556 7.11334 1566.36 908 226919
