-184.19 -31.3374 49.7642 72 218246
-180.26 -31.3374 49.7642 439 218271
-176.33 -31.3374 49.7642 271 218256
-167.2 -32.4137 63.0302 141 218279
-163.27 -32.4137 63.0302 387 218276
-159.34 -32.4137 63.0302 81 218233
-148.82 -33.4901 76.2962 293 218276
-144.89 -33.4901 76.2962 161 218280
-147.55 -34.5665 89.5623 440 218264
-143.62 -34.5665 89.5623 502 218268
-139.69 -34.5665 89.5623 436 218274
-135.76 -34.5665 89.5623 586 218285
-131.83 -34.5665 89.5623 246 218281
-157.18 -34.0257 69.6632 334 218275
-142.53 -27.4357 82.9293 59 218268
-142.53 -35.2957 82.9293 549 218292
-127.88 -34.0257 96.1953 398 218305
-113.23 -35.2957 109.461 78 218270
-111.577 140.575 169.794 95 218408
-107.647 140.575 169.794 335 218431
-101.057 144.729 183.06 245 218403
-97.1265 144.729 183.06 227 218438
-91.9265 148.883 196.326 269 218426
-87.9965 148.883 196.326 156 218433
-81.4065 153.037 209.592 448 218428
-72.2765 157.191 222.858 424 218430
-65.6865 161.345 236.124 112 218449
-61.1865 161.345 236.124 336 218434
-55.9865 165.499 249.39 571 218426
-52.0565 165.499 249.39 353 218420
-45.4665 169.653 262.656 752 218431
-40.2665 173.807 275.922 110 218410
-36.3365 173.807 275.922 473 218421
-29.7465 177.961 289.188 572 218425
-25.8165 177.961 289.188 123 218401
-20.6165 182.115 302.454 359 218441
-16.6865 182.115 302.454 170 218422
-10.0965 186.269 315.72 507 218443
-0.96651 190.621 329.621 455 218429
6.22651 194.775 342.887 231 218422
-112.723 139.399 163.161 461 218434
-103.8 144.599 176.427 393 218437
-94.8761 147.259 189.693 525 218437
-85.9528 148.529 202.959 286 218439
-85.9528 152.459 202.959 81 218413
-77.0294 155.119 216.225 448 218439
-68.106 156.389 229.491 557 218434
-59.1827 162.979 242.757 152 218428
-50.2593 164.249 256.023 123 218442
-50.2593 168.179 256.023 358 218431
-41.3359 170.839 269.289 634 218435
-32.4125 176.039 282.555 743 218446
-23.4892 178.699 295.821 71 218422
-23.4892 182.629 295.821 431 218446
-14.5658 183.899 309.087 69 218406
-14.5658 187.829 309.087 458 218434
-5.21531 190.489 322.988 612 218439
-155.41 -127.567 941.764 447 223756
-148.82 -133.468 955.03 1933 223759
-149.533 -125.588 948.397 323 223771
-149.533 -129.518 948.397 427 223764
-164.54 -101.186 928.498 395 223746
-159.34 -102.973 941.764 1028 223755
-155.41 -102.973 941.764 447 223756
-158.34 -94.8154 908.599 114 223759
-158.498 -101.405 921.865 480 223763
-158.656 -102.675 935.131 136 223750
-158.656 -106.605 935.131 808 223762
-158.981 -102.675 962.298 174 223757
-158.981 -106.605 962.298 287 223780
-159.139 -97.4753 975.564 361 223764
-159.298 -98.7453 988.83 66 223726
-159.615 -98.7453 1015.36 223 223771
-159.773 -97.4753 1028.63 94 223744
-159.773 -113.195 1028.63 115 223777
-159.932 -114.465 1041.89 60 223746
-159.932 -118.395 1041.89 297 223762
-160.09 -117.125 1055.16 80 223808
-160.09 -121.055 1055.16 95 223755
-160.249 -118.395 1068.43 63 223821
-160.407 -109.265 1081.69 156 223766
-160.566 -102.675 1094.96 119 223763
-160.724 -97.4753 1108.22 91 223783
-164.54 -90.5531 928.498 395 223746
-168.47 -90.5531 928.498 1006 223752
-172.4 -90.5531 928.498 537 223730
-176.33 -90.5531 928.498 1434 223751
-180.26 -90.5531 928.498 1006 223737
-167.2 -90.2043 941.764 74 223660
-171.13 -90.2043 941.764 2313 223754
-172.4 -89.8556 955.03 388 223752
-176.33 -89.8556 955.03 626 223752
-184.19 -89.8556 955.03 1249 223758
-175.06 -89.4901 968.931 1469 223753
-182.92 -89.4901 968.931 815 223742
-186.85 -89.4901 968.931 361 223739
-176.33 -89.1413 982.197 928 223755
-188.12 -89.1413 982.197 1482 223749
-175.06 -88.7925 995.463 959 223758
-182.92 -88.7925 995.463 162 223741
-182.92 -88.0949 1022 113 223758
-176.33 -87.7461 1035.26 79 223771
-188.12 -87.7461 1035.26 691 223756
-182.92 -87.3973 1048.53 354 223770
-163.024 -85.6854 895.333 156 223773
-165.136 -90.8854 908.599 202 223787
-165.136 -94.8154 908.599 114 223759
-167.249 -89.6154 921.865 461 223820
-167.249 -85.6854 921.865 209 223846
-167.249 -81.7554 921.865 224 223847
-169.361 -90.8854 935.131 746 223742
-169.361 -79.0955 935.131 598 223757
-171.474 -93.5454 948.397 92 223674
-171.474 -89.6154 948.397 1740 223763
-173.688 -90.8854 962.298 2173 223760
-173.688 -94.8154 962.298 352 223737
-173.688 -86.9554 962.298 71 223685
-175.8 -93.5454 975.564 442 223761
-175.8 -97.4753 975.564 361 223764
-175.8 -81.7554 975.564 563 223762
-175.8 -77.8254 975.564 114 223717
-177.913 -90.8854 988.83 125 223725
-177.913 -94.8154 988.83 904 223757
-177.913 -98.7453 988.83 66 223726
-177.913 -79.0955 988.83 419 223755
-177.913 -75.1655 988.83 279 223743
-180.025 -77.8254 1002.1 53 223748
-180.025 -73.8955 1002.1 75 223738
-182.138 -98.7453 1015.36 223 223771
-182.138 -75.1655 1015.36 127 223756
-184.25 -89.6154 1028.63 114 223778
-184.25 -97.4753 1028.63 94 223744
-184.25 -85.6854 1028.63 145 223743
-184.25 -81.7554 1028.63 70 223764
-192.701 -109.265 1081.69 156 223766
-194.813 -102.675 1094.96 119 223763
-196.926 -97.4753 1108.22 91 223783
-201.252 -85.6854 1135.39 49 223792
-201.252 -77.8254 1135.39 83 223783
-203.365 -75.1655 1148.66 84 223787
-207.59 -67.3055 1175.19 82 223804
-207.59 -54.9456 1175.19 71 223785
-211.815 -27.4357 1201.72 321 223772
-12.7565 -102.116 9.96604 387 226894
-10.0965 -102.763 23.2321 710 226875
-8.82651 -103.41 36.4981 597 226901
-10.0965 -104.058 49.7642 132 226892
-4.89651 -104.705 63.0302 85 226873
-6.16651 -105.352 76.2962 423 226901
-4.89651 -106 89.5623 398 226900
-2.23651 -106.647 102.828 426 226897
-0.96651 -107.294 116.094 393 226897
2.29651 -107.942 129.36 345 226893
3.56651 -108.589 142.626 361 226906
6.22651 -109.236 155.892 218 226899
7.49651 -109.915 169.794 350 226893
10.1565 -110.562 183.06 449 226906
11.4265 -111.209 196.326 222 226895
10.1565 -111.857 209.592 380 226904
11.4265 -112.504 222.858 418 226911
14.0865 -113.151 236.124 503 226913
15.3565 -113.799 249.39 665 226902
18.0165 -114.446 262.656 349 226901
19.2865 -115.093 275.922 476 226907
21.9465 -115.741 289.188 217 226898
23.2165 -116.388 302.454 461 226905
21.9465 -117.035 315.72 870 226905
27.1465 -117.714 329.621 250 226905
25.8765 -118.361 342.887 182 226900
27.1465 -119.008 356.153 103 226875
31.0765 -119.008 356.153 70 226877
29.8065 -119.656 369.419 412 226901
31.0765 -120.303 382.685 459 226907
35.0065 -121.597 409.217 232 226856
37.6665 -122.245 422.483 514 226910
38.9365 -122.892 435.749 437 226905
41.5965 -123.539 449.015 292 226908
38.9365 -124.187 462.281 158 226883
42.8665 -124.187 462.281 519 226911
46.7965 -125.512 489.448 336 226896
49.4565 -126.16 502.715 379 226914
50.7265 -126.807 515.981 373 226915
53.3865 -127.454 529.247 154 226908
54.6565 -128.102 542.513 281 226904
53.3865 -128.749 555.779 384 226905
54.6565 -129.396 569.045 378 226912
57.3165 -130.044 582.311 332 226911
58.5865 -130.691 595.577 270 226917
61.2465 -131.338 608.843 419 226913
62.5165 -131.986 622.109 352 226914
65.7465 -132.633 635.375 67 226902
67.0165 -133.311 649.276 266 226917
65.7465 -133.959 662.542 202 226901
69.6765 -135.253 689.074 360 226926
70.9465 -135.901 702.34 618 226912
73.6065 -136.548 715.606 867 226914
74.8765 -137.195 728.872 514 226925
77.5365 -137.843 742.138 671 226914
78.8065 -138.49 755.404 529 226909
77.5365 -139.137 768.67 274 226916
81.4665 -139.137 768.67 114 226905
82.7365 -139.785 781.936 632 226914
85.3965 -141.758 822.37 101 226924
89.3265 -141.758 822.37 204 226919
90.5965 -142.405 835.635 352 226920
89.3265 -143.052 848.902 426 226918
90.5965 -143.699 862.168 177 226915
81.4665 -144.347 875.434 420 226922
93.2565 -144.347 875.434 470 226920
94.5265 -144.994 888.7 647 226924
97.1865 -145.641 901.966 500 226926
98.4565 -146.289 915.232 429 226932
101.117 -146.936 928.498 349 226928
102.387 -147.583 941.764 454 226918
101.117 -148.231 955.03 123 226920
105.047 -149.556 982.197 307 226927
106.317 -150.204 995.463 406 226930
108.977 -150.851 1008.73 559 226925
110.247 -151.498 1022 570 226937
112.907 -152.146 1035.26 365 226928
114.177 -152.793 1048.53 667 226929
112.907 -153.44 1061.79 89 226920
118.107 -154.088 1075.06 107 226921
116.837 -154.735 1088.33 442 226939
118.107 -155.382 1101.59 278 226931
120.767 -156.03 1114.86 327 226926
122.037 -156.708 1128.76 285 226928
124.697 -157.355 1142.02 464 226936
125.967 -158.003 1155.29 607 226941
129.23 -158.65 1168.56 345 226931
130.5 -159.297 1181.82 304 226925
129.23 -159.945 1195.09 242 226934
133.16 -159.945 1195.09 243 226940
133.16 -161.239 1221.62 443 226944
134.43 -161.887 1234.89 405 226942
137.09 -162.534 1248.15 371 226928
138.36 -163.181 1261.42 301 226944
141.02 -163.829 1274.68 741 226945
141.02 -165.231 1303.43 367 226943
148.88 -168.008 1360.34 445 226942
152.81 -169.401 1388.89 637 226930
156.74 -170.751 1416.55 393 226932
160.67 -172.134 1444.9 466 226933
164.6 -173.525 1473.41 429 226934
164.6 -174.897 1501.51 65 226890
172.46 -177.737 1559.72 513 226935
-7.11571 -102.675 56.3972 396 226896
-5.51036 -105.335 69.6632 530 226899
-3.90501 -106.605 82.9293 308 226895
-2.29966 -105.335 96.1953 453 226898
-0.69431 -106.605 109.461 421 226905
0.911039 -109.265 122.727 399 226900
4.12174 -109.265 149.259 431 226898
5.80393 -110.535 163.161 438 226892
7.40928 -109.265 176.427 494 226896
9.01463 -110.535 189.693 421 226905
10.62 -113.195 202.959 432 226900
13.8307 -113.195 229.491 710 226906
15.436 -114.465 242.757 700 226901
17.0414 -113.195 256.023 668 226894
17.0414 -117.125 256.023 80 226852
18.6467 -114.465 269.289 534 226899
20.2521 -117.125 282.555 666 226901
21.8574 -118.395 295.821 69 226916
23.4628 -117.125 309.087 1053 226902
25.145 -114.465 322.988 133 226871
25.145 -118.395 322.988 468 226896
26.7503 -117.125 336.254 480 226902
28.3557 -118.395 349.52 499 226903
29.961 -121.055 362.786 471 226899
31.5664 -118.395 376.052 341 226899
34.7771 -122.325 402.584 424 226899
36.3824 -121.055 415.85 461 226900
37.9877 -122.325 429.116 471 226897
42.8038 -125.588 468.914 386 226923
44.486 -126.858 482.815 465 226903
46.0913 -125.588 496.082 570 226905
47.6967 -126.858 509.348 551 226909
49.302 -125.588 522.614 407 226915
50.9074 -126.858 535.88 507 226903
52.5127 -129.518 549.146 302 226915
54.1181 -130.788 562.412 356 226912
55.7234 -129.518 575.678 305 226912
57.3288 -130.788 588.944 444 226918
58.9341 -133.448 602.21 190 226907
60.5395 -130.788 615.476 298 226918
62.1448 -133.448 628.742 619 226911
63.827 -134.718 642.643 655 226911
65.4324 -133.448 655.909 429 226909
67.0377 -134.718 669.175 415 226907
70.2484 -134.718 695.707 441 226906
71.8538 -137.378 708.973 588 226916
73.4591 -138.648 722.239 433 226909
75.0645 -137.378 735.505 619 226922
76.6698 -138.648 748.771 452 226909
78.2752 -137.378 762.037 133 226901
78.2752 -141.308 762.037 150 226915
79.8805 -138.648 775.303 555 226916
81.4859 -137.378 788.569 460 226912
81.4859 -141.308 788.569 520 226910
83.168 -138.648 802.47 110 226918
84.7734 -141.308 815.736 459 226912
86.3787 -142.578 829.003 421 226908
87.9841 -141.308 842.269 867 226912
89.5894 -142.578 855.535 503 226928
91.1948 -145.238 868.801 550 226912
94.4055 -145.238 895.333 423 226916
96.0108 -146.508 908.599 689 226915
97.6162 -145.238 921.865 507 226916
99.2215 -146.508 935.131 441 226919
100.827 -149.168 948.397 457 226916
102.509 -146.508 962.298 335 226914
104.114 -149.168 975.564 609 226922
105.72 -150.438 988.83 392 226916
107.325 -149.168 1002.1 442 226918
108.93 -150.438 1015.36 538 226930
110.536 -153.098 1028.63 74 226907
112.141 -150.438 1041.89 595 226918
113.747 -153.098 1055.16 555 226927
115.352 -154.368 1068.43 449 226932
116.957 -153.098 1081.69 468 226932
118.563 -154.368 1094.96 518 226912
120.168 -153.098 1108.22 444 226930
121.85 -154.368 1122.13 525 226932
123.455 -157.028 1135.39 463 226923
125.061 -158.298 1148.66 307 226925
126.666 -157.028 1161.92 658 226926
128.271 -158.298 1175.19 468 226928
131.482 -158.298 1201.72 505 226922
133.088 -160.958 1214.99 314 226919
134.693 -162.228 1228.25 299 226922
136.298 -160.958 1241.52 388 226920
137.904 -162.228 1254.79 368 226928
139.509 -160.958 1268.05 418 226934
141.494 -159.722 1284.45 500 226920
144.901 -159.722 1312.61 345 226923
148.356 -159.722 1341.16 422 226922
151.812 -159.722 1369.72 756 226921
155.177 -163.652 1397.52 397 226920
158.596 -163.652 1425.78 333 226935
165.452 -167.582 1482.44 404 226940
168.835 -167.582 1510.4 279 226938
172.255 -167.582 1538.65 412 226923
175.607 -167.582 1566.36 460 226922
-59.9165 162.187 9.96604 765 227027
-57.2565 162.098 23.2321 445 227039
-59.9165 162.008 36.4981 705 227028
-57.2565 161.919 49.7642 556 227029
-55.9865 161.829 63.0302 360 227032
-57.2565 161.74 76.2962 491 227036
-55.9865 161.651 89.5623 466 227037
-57.2565 161.561 102.828 485 227035
-55.9865 161.472 116.094 566 227033
-57.2565 161.383 129.36 538 227028
-55.9865 161.293 142.626 582 227045
-57.2565 161.204 155.892 72 227016
-55.9865 161.11 169.794 645 227037
-53.3265 161.021 183.06 549 227036
-55.9865 160.932 196.326 521 227041
-53.3265 160.842 209.592 1168 227031
-53.3265 160.664 236.124 785 227039
-52.0565 160.574 249.39 560 227040
-53.3265 160.485 262.656 688 227037
-52.0565 160.395 275.922 548 227030
-53.3265 160.306 289.188 1235 227038
-52.0565 160.217 302.454 693 227046
-53.3265 160.127 315.72 200 227038
-52.0565 160.034 329.621 394 227034
-49.3965 159.944 342.887 471 227036
-52.0565 159.855 356.153 575 227044
-49.3965 159.766 369.419 701 227037
-48.1265 159.676 382.685 651 227048
-48.1265 159.498 409.217 599 227045
-49.3965 159.408 422.483 929 227042
-48.1265 159.319 435.749 839 227042
-49.3965 159.23 449.015 753 227038
-48.1265 159.14 462.281 540 227048
-45.4665 159.051 475.547 505 227046
-44.1965 158.957 489.448 557 227049
-45.4665 158.868 502.715 583 227043
-44.1965 158.779 515.981 1667 227047
-41.5365 158.689 529.247 1319 227045
-44.1965 158.6 542.513 2577 227041
-41.5365 158.51 555.779 620 227043
-41.5365 158.332 582.311 523 227045
-40.2665 158.242 595.577 765 227047
-41.5365 158.153 608.843 1554 227044
-40.2665 158.064 622.109 617 227051
-41.5365 157.974 635.375 651 227047
-40.2665 157.881 649.276 1166 227045
-40.2665 157.702 675.808 648 227049
-37.6065 157.613 689.074 182 227040
-40.2665 157.523 702.34 564 227046
-41.5365 157.434 715.606 80 227045
-40.2665 157.345 728.872 792 227057
-37.6065 157.255 742.138 549 227058
-40.2665 157.166 755.404 752 227057
-37.6065 157.077 768.67 621 227050
-37.6065 156.898 795.202 625 227050
-36.3365 156.804 809.103 562 227059
-37.6065 156.715 822.37 800 227057
-36.3365 156.625 835.635 718 227061
-36.3365 156.447 862.168 511 227052
-33.6765 156.357 875.434 501 227050
-33.6765 156.179 901.966 597 227053
-32.4065 156.089 915.232 643 227057
-33.6765 156 928.498 777 227056
-32.4065 155.911 941.764 483 227065
-33.6765 155.821 955.03 820 227055
-32.4065 155.728 968.931 682 227054
-33.6765 155.638 982.197 406 227054
-32.4065 155.549 995.463 571 227067
-29.7465 155.46 1008.73 631 227075
-28.4765 155.37 1022 581 227075
-29.7465 155.281 1035.26 524 227078
-28.4765 155.191 1048.53 525 227073
-25.8165 155.102 1061.79 626 227061
-24.5465 155.013 1075.06 570 227059
-25.8165 154.923 1088.33 510 227059
-24.5465 154.834 1101.59 713 227059
-25.8165 154.745 1114.86 716 227058
-24.5465 154.651 1128.76 681 227062
-21.8865 154.562 1142.02 638 227060
-20.6165 154.472 1155.29 207 227097
-21.8865 154.383 1168.56 748 227074
-20.6165 154.294 1181.82 599 227078
-17.9565 154.204 1195.09 693 227098
-20.6165 154.115 1208.35 897 227082
-17.9565 154.026 1221.62 180 227078
-20.6165 153.936 1234.89 198 227091
-58.9201 160.319 16.5991 302 227058
-58.5561 159.049 29.8651 475 227023
-58.1921 160.319 43.1311 390 227047
-57.464 160.319 69.6632 479 227045
-57.1 162.979 82.9293 319 227054
-56.736 160.319 96.1953 460 227023
-56.372 162.979 109.461 427 227048
-56.0079 160.319 122.727 394 227024
-55.2799 164.249 149.259 996 227044
-54.8984 162.979 163.161 396 227040
-54.5344 164.249 176.427 382 227045
-54.1704 162.979 189.693 613 227043
-53.8064 164.249 202.959 801 227044
-53.4423 162.979 216.225 913 227024
-53.0783 164.249 229.491 422 227044
-52.7143 162.979 242.757 124 227046
-52.3502 164.249 256.023 481 227049
-51.9862 162.979 269.289 506 227042
-51.6222 164.249 282.555 560 227049
-51.2582 162.979 295.821 479 227044
-50.8941 164.249 309.087 742 227043
-50.5127 162.979 322.988 593 227048
-50.1487 164.249 336.254 577 227045
-49.7846 162.979 349.52 486 227058
-48.6926 160.319 389.318 445 227050
-48.3285 162.979 402.584 390 227047
-47.9645 160.319 415.85 399 227050
-47.6005 159.049 429.116 260 227060
-47.2365 160.319 442.382 621 227058
-46.8724 159.049 455.648 599 227058
-46.5084 160.319 468.914 327 227055
-46.127 159.049 482.815 625 227059
-45.3989 159.049 509.348 1258 227059
-45.3989 155.119 509.348 141 227020
-45.0349 160.319 522.614 427 227046
-45.0349 156.389 522.614 337 227049
-44.6709 159.049 535.88 136 227059
-44.6709 155.119 535.88 75 227051
-44.3068 164.249 549.146 503 227058
-44.3068 156.389 549.146 675 227048
-44.3068 152.459 549.146 130 227044
-43.9428 155.119 562.412 124 227062
-43.5788 156.389 575.678 491 227059
-43.2148 155.119 588.944 419 227064
-42.8507 156.389 602.21 471 227053
-42.4867 155.119 615.476 787 227054
-42.1227 156.389 628.742 465 227056
-41.7412 155.119 642.643 301 227050
-41.0132 155.119 669.175 544 227067
-40.6492 152.459 682.441 335 227065
-40.2851 155.119 695.707 344 227058
-39.9211 152.459 708.973 443 227055
-39.5571 151.189 722.239 323 227055
-38.829 151.189 748.771 465 227067
-38.465 152.459 762.037 539 227071
-38.101 151.189 775.303 645 227069
-37.7369 152.459 788.569 407 227075
-37.3555 151.189 802.47 298 227068
-36.9915 152.459 815.736 351 227059
-36.6274 151.189 829.003 210 227065
-36.2634 152.459 842.269 328 227065
-35.8994 151.189 855.535 393 227065
-35.5354 152.459 868.801 432 227070
-35.1713 151.189 882.067 557 227080
-34.8073 152.459 895.333 418 227066
-34.4433 151.189 908.599 819 227069
-34.0793 152.459 921.865 443 227074
-33.7152 151.189 935.131 448 227077
-33.3512 152.459 948.397 480 227069
-32.9698 151.189 962.298 829 227076
-32.2417 151.189 988.83 443 227084
-31.8777 148.529 1002.1 549 227067
-31.5137 147.259 1015.36 539 227067
-31.1496 148.529 1028.63 609 227075
-30.7856 147.259 1041.89 563 227073
-30.4216 144.599 1055.16 421 227075
-30.0576 147.259 1068.43 251 227071
-29.6935 144.599 1081.69 395 227073
-29.3295 143.329 1094.96 642 227072
-28.9655 144.599 1108.22 412 227083
-28.584 143.329 1122.13 469 227084
-28.22 140.669 1135.39 107 227069
-27.856 139.399 1148.66 53 227130
-27.492 140.669 1161.92 577 227069
-27.1279 139.399 1175.19 476 227078
-26.7639 136.74 1188.46 476 227077
-26.3999 135.47 1201.72 532 227075
-26.0359 132.81 1214.99 690 227085
-25.6718 131.54 1228.25 1157 227086
