138.36 -56.0191 9.96604 593 218340
141.02 -56.4791 23.2321 532 218333
142.29 -56.9391 36.4981 284 218334
144.95 -57.3991 49.7642 92 218363
148.88 -57.3991 49.7642 245 218332
150.15 -57.8592 63.0302 421 218328
158.01 -58.7792 89.5623 458 218333
142.223 -58.8755 29.8651 392 218310
145.521 -57.6055 43.1311 557 218314
152.116 -57.6055 69.6632 664 218313
155.413 -58.8755 82.9293 708 218330
158.711 -57.6055 96.1953 923 218315
150.15 117.844 9.96604 612 220653
148.88 116.871 23.2321 543 220659
146.22 115.897 36.4981 378 220653
148.88 114.924 49.7642 531 220666
146.22 113.951 63.0302 444 220657
146.22 112.004 89.5623 356 220663
144.95 111.031 102.828 637 220662
142.29 110.058 116.094 514 220660
141.02 109.084 129.36 595 220661
142.29 108.111 142.626 520 220664
141.02 107.138 155.892 1183 220660
142.29 106.118 169.794 441 220656
141.02 105.145 183.06 522 220659
138.36 104.172 196.326 508 220667
141.02 103.198 209.592 367 220655
138.36 102.225 222.858 428 220654
137.09 101.252 236.124 667 220662
138.36 100.279 249.39 515 220656
137.09 99.3052 262.656 522 220655
137.09 97.3587 289.188 421 220672
134.43 96.3855 302.454 1130 220665
133.16 95.4122 315.72 885 220667
133.16 93.4191 342.887 660 220669
134.43 92.4458 356.153 442 220666
133.16 91.4725 369.419 503 220663
130.5 90.4993 382.685 408 220661
129.23 89.526 395.951 341 220674
129.23 87.5795 422.483 547 220667
130.5 86.6062 435.749 252 220670
129.23 85.633 449.015 565 220663
125.967 84.6597 462.281 845 220663
125.967 80.7201 515.981 1031 220661
125.967 78.7735 542.513 592 220663
124.697 77.8003 555.779 606 220666
125.967 76.827 569.045 113 220654
122.037 74.8805 595.577 574 220680
120.767 73.9072 608.843 586 220666
122.037 72.934 622.109 589 220677
120.767 71.9607 635.375 580 220675
118.107 70.9408 649.276 496 220685
116.837 69.9676 662.542 529 220681
118.107 68.9943 675.808 573 220680
116.837 68.021 689.074 353 220671
118.107 67.0478 702.34 587 220681
114.177 65.1013 728.872 509 220667
112.907 64.128 742.138 460 220663
114.177 63.1547 755.404 446 220669
112.907 62.1815 768.67 551 220666
110.247 61.2082 781.936 470 220670
108.977 58.2418 822.37 502 220688
110.247 57.2686 835.635 1132 220684
108.977 56.2953 848.902 606 220673
106.317 55.322 862.168 95 220705
105.047 54.3488 875.434 498 220705
106.317 53.3755 888.7 1445 220689
105.047 52.4022 901.966 540 220692
106.317 51.429 915.232 83 220667
102.387 51.429 915.232 408 220695
105.047 50.4557 928.498 754 220691
101.117 50.4557 928.498 463 220672
102.387 49.4825 941.764 462 220690
101.117 48.5092 955.03 425 220693
97.1865 48.5092 955.03 60 220648
101.117 46.5161 982.197 439 220700
98.4565 45.5428 995.463 775 220696
90.5965 45.5428 995.463 549 220685
86.6665 45.5428 995.463 170 220686
97.1865 44.5696 1008.73 445 220697
98.4565 43.5963 1022 701 220697
97.1865 42.623 1035.26 599 220702
94.5265 41.6498 1048.53 495 220700
93.2565 40.6765 1061.79 541 220693
94.5265 39.7032 1075.06 407 220697
93.2565 38.73 1088.33 534 220691
90.5965 37.7567 1101.59 376 220701
93.2565 36.7834 1114.86 483 220697
90.5965 35.7636 1128.76 478 220694
90.5965 33.8171 1155.29 924 220704
89.3265 32.8438 1168.56 496 220689
90.5965 31.8705 1181.82 573 220694
89.3265 30.8973 1195.09 454 220707
86.6665 29.924 1208.35 548 220701
85.3965 28.9508 1221.62 79 220693
86.6665 27.9775 1234.89 539 220696
85.3965 27.0042 1248.15 514 220704
82.7365 26.031 1261.42 97 220713
85.3965 25.0577 1274.68 763 220702
81.4665 22.9492 1303.43 600 220691
77.5365 18.7739 1360.34 423 220698
77.5365 16.679 1388.89 604 220687
81.4665 14.65 1416.55 523 220690
77.5365 12.5697 1444.9 718 220687
77.5365 10.4785 1473.41 654 220695
77.5365 8.41651 1501.51 111 220681
73.6065 4.14589 1559.72 717 220699
149.225 119.147 3.33302 626 220655
148.578 116.487 16.5991 393 220652
147.93 115.217 29.8651 520 220657
147.282 116.487 43.1311 882 220644
146.635 115.217 56.3972 523 220630
145.987 112.557 69.6632 412 220659
145.339 111.287 82.9293 356 220657
144.692 112.557 96.1953 499 220633
144.044 111.287 109.461 520 220659
143.397 108.627 122.727 594 220651
142.101 108.627 149.259 684 220662
141.423 111.287 163.161 579 220655
141.423 107.357 163.161 441 220650
140.775 120.417 176.427 56 220684
140.775 104.697 176.427 569 220658
140.127 103.427 189.693 447 220658
139.48 104.697 202.959 483 220658
138.832 103.427 216.225 399 220663
138.184 100.767 229.491 435 220668
137.537 103.427 242.757 154 220640
137.537 99.4967 242.757 110 220663
136.889 100.767 256.023 584 220662
136.242 99.4967 269.289 597 220662
135.594 96.8367 282.555 487 220661
134.946 95.5667 295.821 293 220664
134.299 96.8367 309.087 260 220666
132.972 92.9067 336.254 506 220669
132.325 91.6367 349.52 113 220658
131.677 92.9067 362.786 526 220665
130.382 88.9767 389.318 325 220667
129.734 91.6367 402.584 67 220687
129.086 88.9767 415.85 413 220679
128.439 87.7067 429.116 415 220672
127.791 85.0467 442.382 185 220666
127.144 87.7067 455.648 220 220667
126.496 85.0467 468.914 478 220662
125.817 83.7767 482.815 450 220663
125.17 81.1168 496.082 339 220680
124.522 79.8468 509.348 357 220676
123.874 81.1168 522.614 572 220674
123.227 79.8468 535.88 97 220670
122.579 77.1868 549.146 395 220668
121.931 75.9168 562.412 492 220671
121.284 77.1868 575.678 572 220685
120.636 75.9168 588.944 436 220669
119.988 73.2568 602.21 535 220675
119.341 71.9868 615.476 378 220679
118.693 73.2568 628.742 565 220679
118.015 71.9868 642.643 561 220667
116.719 68.0568 669.175 476 220676
116.072 69.3268 682.441 926 220670
116.072 64.8269 682.441 135 220673
115.424 68.0568 695.707 412 220673
114.776 64.8269 708.973 367 220669
113.481 64.8269 735.505 556 220667
112.833 63.5569 748.771 761 220667
111.538 59.6269 775.303 463 220665
110.89 60.8969 788.569 567 220676
110.212 59.6269 802.47 706 220671
109.564 56.9669 815.736 418 220672
108.917 55.6969 829.003 475 220674
108.269 56.9669 842.269 453 220671
108.269 53.0369 842.269 424 220674
107.621 55.6969 855.535 507 220685
106.974 53.0369 868.801 1134 220685
106.326 51.7669 882.067 1185 220683
105.678 53.0369 895.333 1524 220679
105.031 51.7669 908.599 696 220688
104.383 49.1069 921.865 1517 220679
103.735 47.8369 935.131 1198 220675
103.735 43.907 935.131 507 220650
103.088 49.1069 948.397 682 220679
102.409 55.6969 962.298 293 220682
102.409 47.8369 962.298 554 220679
101.762 45.1769 975.564 577 220693
101.114 43.907 988.83 302 220681
100.466 45.1769 1002.1 1182 220696
99.8186 43.907 1015.36 729 220691
99.171 41.247 1028.63 589 220683
98.5233 39.977 1041.89 556 220680
97.8757 41.247 1055.16 457 220682
97.228 39.977 1068.43 556 220695
96.5804 37.317 1081.69 454 220692
95.9328 36.047 1094.96 89 220705
95.2851 37.317 1108.22 607 220683
94.6065 36.047 1122.13 626 220695
93.9588 33.387 1135.39 433 220691
93.3112 32.117 1148.66 352 220682
92.6636 33.387 1161.92 911 220685
92.0159 32.117 1175.19 666 220684
91.3683 29.457 1188.46 520 220696
90.7206 28.187 1201.72 539 220692
90.073 29.457 1214.99 353 220702
89.4253 28.187 1228.25 572 220695
88.7777 25.5271 1241.52 625 220689
88.1301 24.257 1254.79 313 220692
87.4824 25.5271 1268.05 543 220689
86.6817 26.7632 1284.45 445 220700
85.3072 22.8333 1312.61 541 220711
83.9132 22.8333 1341.16 553 220700
82.5191 18.9033 1369.72 462 220694
81.1617 14.9733 1397.52 433 220715
79.7823 11.0433 1425.78 286 220706
78.3882 11.0433 1454.33 734 220702
77.0161 7.11334 1482.44 380 220707
75.6514 2.58034 1510.4 502 220715
74.2719 -1.34964 1538.65 331 220702
72.9194 -1.34964 1566.36 359 220723
73.6065 -182.592 49.7642 423 221092
70.9465 -181.199 63.0302 288 221104
70.9465 -178.412 89.5623 315 221095
69.6765 -177.019 102.828 405 221090
67.0165 -175.626 116.094 423 221097
65.7465 -174.233 129.36 373 221096
62.5165 -172.84 142.626 402 221098
61.2465 -171.446 155.892 177 221097
62.5165 -169.986 169.794 437 221098
61.2465 -168.593 183.06 402 221119
58.5865 -167.2 196.326 272 221119
57.3165 -165.807 209.592 346 221112
54.6565 -164.414 222.858 288 221099
53.3865 -163.02 236.124 431 221116
54.6565 -161.627 249.39 181 221105
53.3865 -160.234 262.656 53 221075
50.7265 -158.841 275.922 468 221114
49.4565 -157.447 289.188 260 221119
46.7965 -156.054 302.454 512 221110
45.5265 -154.661 315.72 601 221104
41.5965 -154.661 315.72 109 221095
50.7265 -153.201 329.621 82 221112
42.8665 -153.201 329.621 258 221113
38.9365 -150.415 356.153 384 221113
37.6665 -149.022 369.419 423 221102
35.0065 -147.628 382.685 486 221117
31.0765 -144.842 409.217 371 221122
29.8065 -143.449 422.483 571 221113
27.1465 -142.055 435.749 311 221117
25.8765 -140.662 449.015 352 221119
23.2165 -139.269 462.281 116 221118
21.9465 -137.876 475.547 367 221122
23.2165 -136.416 489.448 470 221120
21.9465 -135.023 502.715 456 221127
19.2865 -133.629 515.981 361 221124
18.0165 -132.236 529.247 380 221106
15.3565 -130.843 542.513 652 221106
14.0865 -129.45 555.779 384 221129
11.4265 -128.057 569.045 409 221106
10.1565 -126.663 582.311 589 221126
7.49651 -125.27 595.577 340 221122
6.22651 -123.877 608.843 510 221123
3.56651 -122.484 622.109 551 221121
2.29651 -121.091 635.375 386 221110
-0.96651 -119.631 649.276 366 221123
-2.23651 -118.237 662.542 730 221109
-4.89651 -116.844 675.808 342 221107
-6.16651 -115.451 689.074 791 221108
-4.89651 -114.058 702.34 357 221107
-8.82651 -114.058 702.34 290 221109
-2.23651 -112.665 715.606 598 221117
-10.0965 -112.665 715.606 894 221109
-8.82651 -111.271 728.872 57 221109
-12.7565 -111.271 728.872 300 221145
-14.0265 -109.878 742.138 436 221134
-16.6865 -108.485 755.404 295 221131
-17.9565 -107.092 768.67 907 221122
-21.8865 -104.305 795.202 334 221125
-20.6165 -102.845 809.103 453 221129
-21.8865 -101.452 822.37 459 221128
-24.5465 -100.059 835.635 292 221105
-25.8165 -98.6658 848.902 609 221133
-28.4765 -97.2726 862.168 428 221149
-29.7465 -95.8794 875.434 379 221134
-32.4065 -94.4861 888.7 1101 221132
-33.6765 -93.0929 901.966 418 221123
-36.3365 -91.6997 915.232 676 221123
-37.6065 -90.3065 928.498 893 221129
-40.2665 -88.9133 941.764 668 221135
-44.1965 -88.9133 941.764 128 221107
-41.5365 -87.5201 955.03 388 221121
-45.4665 -87.5201 955.03 619 221125
-44.1965 -86.0602 968.931 435 221123
-48.1265 -86.0602 968.931 382 221131
-45.4665 -84.667 982.197 533 221128
-48.1265 -83.2738 995.463 388 221133
-49.3965 -81.8805 1008.73 839 221139
-52.0565 -80.4873 1022 440 221134
-53.3265 -79.0941 1035.26 489 221135
-55.9865 -77.7009 1048.53 737 221136
-57.2565 -76.3077 1061.79 470 221134
-59.9165 -74.9145 1075.06 409 221139
-72.2765 -74.9145 1075.06 68 221134
-61.1865 -73.5213 1088.33 372 221137
-64.4165 -72.1281 1101.59 812 221133
-65.6865 -70.7348 1114.86 453 221147
-68.3465 -69.2749 1128.76 386 221133
-69.6165 -67.8817 1142.02 381 221149
-72.2765 -66.4885 1155.29 496 221136
-73.5465 -65.0953 1168.56 461 221136
-76.2065 -63.7021 1181.82 324 221143
-77.4765 -62.3089 1195.09 388 221137
-80.1365 -60.9157 1208.35 461 221135
-81.4065 -59.5224 1221.62 315 221138
-84.0665 -58.1292 1234.89 366 221143
-89.2665 -56.736 1248.15 159 221152
-87.9965 -55.3428 1261.42 373 221132
-89.2665 -53.9496 1274.68 497 221136
-97.1265 -50.9313 1303.43 473 221138
-101.057 -47.9166 1332.13 473 221130
-104.987 -44.9545 1360.34 671 221137
-104.987 -41.9556 1388.89 335 221131
-108.917 -39.0512 1416.55 335 221143
-108.917 -36.0733 1444.9 593 221147
-104.987 -33.0796 1473.41 499 221130
-101.057 -30.128 1501.51 1063 221133
77.4195 -184.538 43.1311 552 221086
75.7195 -181.878 56.3972 381 221095
74.0196 -180.608 69.6632 563 221101
72.3197 -177.948 82.9293 274 221097
70.6198 -176.678 96.1953 613 221087
68.9199 -177.948 109.461 336 221094
67.22 -176.678 122.727 225 221094
65.5201 -174.018 135.993 531 221094
63.8201 -172.748 149.259 436 221107
62.0389 -170.088 163.161 473 221091
58.639 -166.158 189.693 289 221092
56.9391 -164.888 202.959 353 221098
55.2392 -166.158 216.225 317 221096
53.5393 -164.888 229.491 602 221106
51.8394 -162.228 242.757 372 221089
50.1395 -160.958 256.023 407 221106
46.7396 -157.028 282.555 477 221108
45.0397 -158.298 295.821 152 221098
43.3398 -157.028 309.087 101 221161
41.5585 -154.368 322.988 698 221110
41.5585 -142.578 322.988 107 221082
39.8586 -153.098 336.254 392 221108
38.1587 -150.438 349.52 412 221114
36.4588 -149.168 362.786 598 221096
34.7589 -146.508 376.052 602 221113
31.359 -146.508 402.584 311 221097
29.6591 -145.238 415.85 688 221095
27.9592 -142.578 429.116 750 221099
26.2593 -141.308 442.382 478 221099
22.8595 -137.378 468.914 477 221102
21.0782 -138.648 482.815 527 221116
19.3783 -137.378 496.082 518 221100
17.6784 -134.718 509.348 759 221115
15.9784 -133.448 522.614 495 221114
14.2785 -130.788 535.88 373 221115
12.5786 -129.518 549.146 352 221119
10.8787 -130.788 562.412 149 221120
9.17878 -129.518 575.678 156 221102
7.47887 -126.858 588.944 286 221098
5.77895 -125.588 602.21 374 221127
4.07904 -122.325 615.476 194 221110
0.597839 -122.325 642.643 469 221112
-1.10207 -121.055 655.909 391 221123
-2.80199 -118.395 669.175 496 221136
-4.5019 -117.125 682.441 481 221120
-6.20182 -118.395 695.707 808 221126
-7.90173 -121.055 708.973 260 221111
-7.90173 -117.125 708.973 334 221103
-9.60165 -114.465 722.239 1133 221122
-11.3016 -113.195 735.505 712 221100
-13.0015 -110.535 748.771 423 221131
-14.7014 -109.265 762.037 551 221123
-16.4013 -110.535 775.303 321 221128
-18.1012 -105.335 788.569 350 221141
-19.8825 -114.465 802.47 113 221135
-19.8825 -106.605 802.47 424 221132
-21.5824 -105.335 815.736 568 221134
-23.2823 -102.675 829.003 367 221132
-24.9822 -101.405 842.269 573 221127
-26.6822 -98.7453 855.535 308 221126
-28.3821 -97.4753 868.801 616 221131
-30.082 -98.7453 882.067 449 221129
-33.4818 -94.8154 908.599 429 221130
-35.1817 -93.5454 921.865 543 221139
-36.8816 -90.8854 935.131 1214 221130
-38.5816 -89.6154 948.397 920 221129
-38.5816 -85.6854 948.397 274 221111
-40.3628 -86.9554 962.298 141 221100
-40.3628 -83.0254 962.298 473 221131
-42.0628 -85.6854 975.564 328 221137
-43.7627 -86.9554 988.83 465 221129
-45.4626 -85.6854 1002.1 523 221141
-47.1625 -83.0254 1015.36 380 221152
-48.8624 -81.7554 1028.63 648 221132
-50.5623 -79.0955 1041.89 465 221139
-52.2622 -77.8254 1055.16 492 221135
-53.9622 -79.0955 1068.43 293 221136
-53.9622 -75.1655 1068.43 364 221133
-55.6621 -73.8955 1081.69 955 221132
-57.362 -75.1655 1094.96 66 221160
-57.362 -71.2355 1094.96 125 221127
-59.0619 -73.8955 1108.22 135 221127
-59.0619 -69.9655 1108.22 313 221140
-60.8432 -67.3055 1122.13 139 221133
-62.5431 -66.0355 1135.39 330 221138
-64.243 -67.3055 1148.66 351 221134
-65.9429 -66.0355 1161.92 711 221137
-67.6428 -63.3755 1175.19 413 221142
-69.3428 -62.1055 1188.46 415 221135
-71.0427 -58.8755 1201.72 363 221144
-72.7426 -57.6055 1214.99 573 221146
-74.4425 -58.8755 1228.25 97 221147
-76.1424 -57.6055 1241.52 470 221140
-77.8423 -54.9456 1254.79 424 221132
-79.5422 -53.6756 1268.05 92 221148
-79.5422 -49.7456 1268.05 54 221140
-81.6439 -48.5094 1284.45 231 221154
-85.2517 -44.5794 1312.61 181 221147
-88.9108 -36.7195 1341.16 393 221156
-92.5699 -36.7195 1369.72 116 221148
-92.5699 -32.7895 1369.72 273 221148
-96.1328 -28.8595 1397.52 376 221149
-99.7535 -24.9295 1425.78 316 221144
-103.413 -20.9995 1454.33 282 221142
-107.014 -17.0696 1482.44 184 221158
-107.014 -13.1396 1482.44 101 221173
-95.8565 201.555 1181.82 333 221909
-97.1265 196.007 1195.09 387 221923
-99.7865 190.458 1208.35 622 221910
-101.057 184.91 1221.62 401 221913
-103.717 179.361 1234.89 564 221927
-104.987 173.813 1248.15 1270 221919
-107.647 168.264 1261.42 557 221921
-108.917 162.715 1274.68 694 221918
-98.2824 190.489 1201.72 146 221924
-100.302 187.829 1214.99 604 221929
-102.322 182.629 1228.25 408 221918
-104.341 176.039 1241.52 820 221925
-106.361 170.839 1254.79 379 221931
-108.381 168.179 1268.05 196 221927
-108.381 164.249 1268.05 227 221915
-144.89 65.9875 1501.51 710 221925
-148.82 54.1114 1529.52 436 221923
-146.08 62.1331 1510.4 409 221945
-150.451 50.3431 1538.65 464 221944
-182.92 68.7514 9.96604 659 224537
-184.19 64.9723 23.2321 2600 224514
-180.26 64.9723 23.2321 3528 224530
-176.33 64.9723 23.2321 57 224453
-178.99 61.1932 36.4981 3510 224490
-175.06 61.1932 36.4981 96 224480
-184.793 71.9868 3.33302 437 224544
-181.431 64.8269 16.5991 275 224540
-181.431 60.8969 16.5991 114 224525
-178.069 68.0568 29.8651 296 224537
-178.069 63.5569 29.8651 140 224543
-188.12 8.7493 76.2962 731 226138
-186.85 7.64008 89.5623 627 226140
-188.12 6.53087 102.828 473 226135
-186.85 5.42166 116.094 557 226138
-184.19 2.09401 155.892 485 226134
-182.92 0.931707 169.794 471 226134
-180.26 -0.177507 183.06 614 226149
-180.26 -2.39593 209.592 468 226136
-178.99 -3.50515 222.858 618 226135
-180.26 -4.61436 236.124 440 226143
-178.99 -5.72358 249.39 542 226145
-176.33 -6.83279 262.656 560 226152
-176.33 -9.05122 289.188 459 226134
-175.06 -10.1604 302.454 402 226139
-176.33 -11.2696 315.72 189 226136
-172.4 -11.2696 315.72 276 226144
-175.06 -12.432 329.621 314 226142
-171.13 -12.432 329.621 342 226134
-147.55 -12.432 329.621 48 226122
-172.4 -13.5412 342.887 416 226140
-171.13 -14.6504 356.153 553 226146
-172.4 -15.7596 369.419 60 226135
-168.47 -17.978 395.951 452 226148
-167.2 -19.0872 409.217 368 226167
-168.47 -20.1964 422.483 516 226154
-167.2 -21.3057 435.749 977 226156
-164.54 -22.4149 449.015 273 226138
-167.2 -23.5241 462.281 92 226147
-164.54 -24.6333 475.547 708 226150
-163.27 -25.7956 489.448 368 226137
-160.61 -26.9048 502.715 532 226155
-159.34 -28.014 515.981 385 226152
-160.61 -29.1233 529.247 582 226159
-159.34 -30.2325 542.513 982 226156
-156.68 -31.3417 555.779 493 226165
-159.34 -32.4509 569.045 222 226156
-156.68 -33.5601 582.311 409 226164
-155.41 -34.6693 595.577 118 226139
-155.41 -36.8877 622.109 483 226165
-155.41 -39.1593 649.276 229 226175
-152.75 -40.2685 662.542 934 226162
-151.48 -41.3777 675.808 676 226163
-152.75 -42.4869 689.074 448 226160
-151.48 -43.5961 702.34 493 226165
-148.82 -44.7053 715.606 445 226139
-151.48 -45.8146 728.872 538 226168
-148.82 -46.9238 742.138 873 226166
-147.55 -48.033 755.404 2825 226163
-143.62 -48.033 755.404 57 226066
-156.68 -49.1422 768.67 55 226086
-152.75 -49.1422 768.67 1405 226159
-148.82 -49.1422 768.67 2401 226164
-144.89 -49.1422 768.67 55 226114
-147.55 -50.2514 781.936 875 226167
-144.89 -51.3606 795.202 332 226159
-140.96 -51.3606 795.202 1601 226164
-143.62 -52.5229 809.103 881 226168
-139.69 -52.5229 809.103 266 226156
-152.75 -53.6321 822.37 58 226125
-144.89 -53.6321 822.37 648 226165
-140.96 -53.6321 822.37 282 226028
-137.03 -53.6321 822.37 967 226164
-133.1 -53.6321 822.37 71 226086
-147.55 -54.7414 835.635 1121 226164
-143.62 -54.7414 835.635 603 226163
-135.76 -54.7414 835.635 323 226167
-148.82 -55.8506 848.902 310 226172
-137.03 -55.8506 848.902 72 226136
-133.1 -55.8506 848.902 427 226178
-143.62 -56.9598 862.168 390 226174
-131.83 -56.9598 862.168 201 226177
-144.89 -58.069 875.434 733 226173
-140.96 -58.069 875.434 508 226176
-139.69 -59.1782 888.7 477 226176
-140.96 -60.2874 901.966 490 226172
-139.69 -61.3966 915.232 1456 226171
-140.96 -62.5059 928.498 248 226179
-171.13 -63.6151 941.764 121 226186
-143.62 -63.6151 941.764 168 226173
-139.69 -63.6151 941.764 623 226172
-137.03 -64.7243 955.03 461 226193
-124.637 -64.7243 955.03 816 226189
-135.76 -65.8866 968.931 645 226181
-123.367 -65.8866 968.931 100 226176
-119.437 -65.8866 968.931 432 226177
-144.89 -66.9958 982.197 68 226146
-137.03 -66.9958 982.197 379 226176
-135.76 -68.105 995.463 466 226178
-135.76 -70.3234 1022 382 226186
-133.1 -71.4327 1035.26 497 226178
-111.577 -72.5419 1048.53 369 226174
-107.647 -72.5419 1048.53 793 226185
-133.1 -73.6511 1061.79 403 226181
-131.83 -74.7603 1075.06 364 226181
-133.1 -75.8695 1088.33 397 226188
-131.83 -76.9787 1101.59 836 226180
-129.17 -78.0879 1114.86 348 226180
-127.9 -79.2502 1128.76 343 226181
-129.17 -80.3595 1142.02 353 226166
-127.9 -81.4687 1155.29 958 226182
-129.17 -82.5779 1168.56 389 226191
-127.9 -83.6871 1181.82 547 226177
-127.9 -85.9055 1208.35 582 226184
-123.367 -85.9055 1208.35 191 226177
-124.637 -87.0147 1221.62 402 226180
-120.707 -87.0147 1221.62 112 226121
-116.777 -87.0147 1221.62 313 226182
-124.637 -89.2332 1248.15 416 226199
-123.367 -90.3424 1261.42 691 226187
-124.637 -91.4516 1274.68 423 226188
-120.707 -93.8547 1303.43 294 226171
-120.707 -96.2548 1332.13 775 226181
-116.777 -98.6131 1360.34 394 226194
-120.707 -101.001 1388.89 156 226183
-112.847 -101.001 1388.89 346 226202
-108.917 -103.313 1416.55 567 226183
-104.987 -105.684 1444.9 458 226188
-101.057 -108.067 1473.41 530 226187
-97.1265 -110.417 1501.51 680 226184
-93.1965 -112.759 1529.52 503 226190
-73.5465 -117.397 1584.99 335 226206
-189.405 9.80713 69.6632 437 226133
-188.591 8.53713 82.9293 321 226151
-187.777 5.87715 96.1953 227 226146
-186.964 4.60715 109.461 483 226143
-186.15 5.87715 122.727 454 226146
-185.336 4.60715 135.993 271 226143
-184.522 1.34415 149.259 348 226167
-183.669 0.0741518 163.161 208 226156
-182.855 1.34415 176.427 276 226149
-182.041 0.0741518 189.693 704 226133
-181.228 1.34415 202.959 228 226131
-181.228 -2.58583 202.959 308 226149
-180.414 -3.85583 216.225 382 226160
-179.6 -2.58583 229.491 656 226151
-178.786 -3.85583 242.757 493 226154
-177.972 -6.51581 256.023 339 226129
-177.158 -7.78581 269.289 402 226161
-176.344 -6.51581 282.555 486 226156
-175.53 -7.78581 295.821 430 226161
-174.717 -10.4458 309.087 354 226162
-173.864 -11.7158 322.988 912 226153
-173.05 -10.4458 336.254 207 226168
-173.05 -14.3758 336.254 102 226145
-172.236 -11.7158 349.52 269 226166
-171.422 -14.3758 362.786 494 226156
-170.608 -15.6458 376.052 401 226155
-169.794 -18.3057 389.318 208 226151
-168.98 -15.6458 402.584 251 226160
-168.167 -18.3057 415.85 474 226162
-166.539 -22.2357 442.382 771 226161
-165.725 -23.5057 455.648 390 226160
-164.911 -22.2357 468.914 458 226159
-164.058 -23.5057 482.815 413 226162
-163.244 -26.1657 496.082 345 226163
-162.43 -27.4357 509.348 259 226156
-161.617 -26.1657 522.614 299 226157
-160.803 -27.4357 535.88 313 226169
-159.989 -30.0957 549.146 434 226150
-159.175 -31.3657 562.412 373 226166
-158.361 -30.0957 575.678 383 226162
-157.547 -31.3657 588.944 647 226163
-156.733 -34.0257 602.21 324 226158
-155.919 -35.2957 615.476 303 226162
-155.106 -37.9557 628.742 417 226160
-154.253 -39.2257 642.643 264 226176
-153.439 -37.9557 655.909 372 226168
-152.625 -39.2257 669.175 409 226153
-151.811 -41.8856 682.441 491 226166
-150.997 -43.1556 695.707 352 226176
-150.183 -41.8856 708.973 649 226165
-150.183 -45.8156 708.973 94 226056
-149.369 -43.1556 722.239 484 226173
-148.556 -45.8156 735.505 874 226183
-147.742 -47.0856 748.771 1091 226171
-146.114 -39.2257 775.303 242 226165
-146.114 -51.0156 775.303 1085 226168
-145.3 -45.8156 788.569 470 226154
-145.3 -49.7456 788.569 744 226166
-144.447 -39.2257 802.47 115 226141
-144.447 -51.0156 802.47 1284 226168
-143.633 -49.7456 815.736 640 226170
-143.633 -53.6756 815.736 313 226159
-142.82 -54.9456 829.003 1126 226171
-142.82 -58.8755 829.003 175 226141
-142.82 -67.3055 829.003 77 226159
-142.006 -53.6756 842.269 387 226166
-142.006 -57.6055 842.269 473 226167
-141.192 -58.8755 855.535 581 226178
-140.378 -49.7456 868.801 188 226179
-140.378 -53.6756 868.801 167 226163
-140.378 -57.6055 868.801 496 226170
-139.564 -58.8755 882.067 531 226174
-139.564 -67.3055 882.067 879 226162
-139.564 -71.2355 882.067 62 226109
-138.75 -34.0257 895.333 62 226157
-138.75 -62.1055 895.333 592 226178
-138.75 -77.8254 895.333 98 226190
-137.936 -47.0856 908.599 453 226186
-137.936 -63.3755 908.599 739 226176
-137.122 -41.8856 921.865 189 226180
-137.122 -57.6055 921.865 176 226190
-137.122 -62.1055 921.865 388 226175
-136.309 -63.3755 935.131 645 226176
-135.495 -66.0355 948.397 496 226161
-134.642 -67.3055 962.298 542 226165
-134.642 -71.2355 962.298 171 226150
-134.642 -75.1655 962.298 230 226155
-134.642 -83.0254 962.298 98 226186
-133.828 -69.9655 975.564 504 226164
-133.828 -73.8955 975.564 399 226167
-133.828 -77.8254 975.564 373 226163
-133.014 -71.2355 988.83 372 226171
-132.2 -69.9655 1002.1 384 226172
-131.386 -71.2355 1015.36 506 226186
-130.572 -73.8955 1028.63 380 226165
-129.759 -75.1655 1041.89 393 226161
-128.945 -73.8955 1055.16 120 226200
-128.945 -97.4753 1055.16 404 226196
-128.131 -75.1655 1068.43 197 226181
-127.317 -77.8254 1081.69 662 226182
-126.503 -79.0955 1094.96 444 226192
-125.689 -77.8254 1108.22 119 226147
-125.689 -81.7554 1108.22 1033 226165
-124.836 -83.0254 1122.13 321 226193
-124.022 -81.7554 1135.39 316 226196
-123.209 -83.0254 1148.66 373 226191
-122.395 -85.6854 1161.92 489 226189
-121.581 -86.9554 1175.19 307 226186
-120.767 -89.6154 1188.46 356 226185
-119.953 -90.8854 1201.72 630 226183
-119.139 -89.6154 1214.99 249 226189
-119.139 -93.5454 1214.99 192 226182
-118.325 -90.8854 1228.25 70 226155
-117.511 -93.5454 1241.52 439 226194
-117.511 -97.4753 1241.52 183 226160
-116.698 -94.8154 1254.79 571 226201
-115.884 -93.5454 1268.05 296 226192
-115.884 -97.4753 1268.05 289 226194
-114.878 -96.2392 1284.45 402 226195
-113.15 -100.169 1312.61 318 226190
-111.398 -100.169 1341.16 385 226188
-109.646 -104.099 1369.72 490 226200
-107.941 -100.169 1397.52 86 226159
-107.941 -104.099 1397.52 239 226198
-106.207 -108.029 1425.78 389 226192
-104.455 -111.959 1454.33 537 226200
-102.731 -111.959 1482.44 385 226195
-101.016 -115.889 1510.4 420 226199
-99.2824 -119.819 1538.65 443 226197
-97.5827 -124.352 1566.36 447 226202
-176.33 0.378571 1473.41 61 227291
-172.4 0.378571 1473.41 541 227330
-160.61 11.3176 1501.51 824 227325
-183.844 -9.2096 1454.33 57 227334
-183.844 -5.27962 1454.33 252 227341
-169.98 2.58034 1482.44 138 227280
-169.98 7.11334 1482.44 73 227349
-156.191 14.9733 1510.4 613 227356
