74.8765 67.0716 622.109 1918 222531
73.6065 54.1024 635.375 216 222502
77.5365 54.1024 635.375 852 222535
78.8065 40.5125 649.276 117 222522
82.7365 40.5125 649.276 736 222541
85.3965 27.5434 662.542 687 222534
86.6665 14.5742 675.808 242 222541
90.5965 14.5742 675.808 247 222539
93.2565 1.60506 689.074 661 222542
94.5265 -11.3641 702.34 863 222540
97.1865 -24.3332 715.606 331 222536
102.387 -37.3024 728.872 633 222542
105.047 -50.2715 742.138 649 222548
110.247 -63.2407 755.404 415 222542
112.907 -76.2098 768.67 806 222561
114.177 -89.179 781.936 464 222544
129.23 -128.707 822.37 579 222544
130.5 -141.676 835.635 285 222564
134.43 -141.676 835.635 250 222569
137.09 -154.645 848.902 678 222568
138.36 -167.615 862.168 76 222566
142.29 -167.615 862.168 55 222546
144.95 -180.584 875.434 529 222548
146.22 -193.553 888.7 210 222573
75.1709 64.8269 628.742 494 222533
75.1709 60.8969 628.742 442 222525
78.9866 51.7669 642.643 185 222522
78.9866 47.8369 642.643 760 222536
78.9866 43.907 642.643 105 222506
82.6281 37.317 655.909 100 222516
82.6281 33.387 655.909 438 222540
86.2696 24.257 669.175 77 222534
86.2696 20.3271 669.175 439 222533
86.2696 16.3971 669.175 84 222494
89.9111 9.80713 682.441 202 222528
89.9111 5.87715 682.441 356 222535
93.5526 -3.85583 695.707 126 222518
93.5526 -7.78581 695.707 382 222537
97.1941 -18.3057 708.973 341 222546
97.1941 -22.2357 708.973 219 222547
100.836 -31.3657 722.239 309 222537
100.836 -35.2957 722.239 143 222552
104.477 -41.8856 735.505 156 222538
104.477 -45.8156 735.505 349 222550
108.119 -54.9456 748.771 287 222534
108.119 -58.8755 748.771 336 222546
111.76 -66.0355 762.037 52 222454
111.76 -69.9655 762.037 719 222529
115.401 -79.0955 775.303 152 222536
115.401 -83.0254 775.303 445 222530
119.043 -93.5454 788.569 465 222544
119.043 -97.4753 788.569 217 222532
122.859 -106.605 802.47 418 222535
122.859 -110.535 802.47 266 222550
126.5 -117.125 815.736 186 222534
126.5 -121.055 815.736 590 222544
130.142 -130.788 829.003 264 222545
130.142 -134.718 829.003 349 222533
133.783 -145.238 842.269 523 222556
133.783 -149.168 842.269 87 222545
137.425 -158.298 855.535 438 222552
137.425 -162.228 855.535 143 222530
141.066 -172.748 868.801 504 222561
141.066 -176.678 868.801 115 222537
144.708 -185.808 882.067 543 222537
69.6765 79.9133 635.375 216 222527
67.0165 84.9136 649.276 497 222543
65.7465 89.6856 662.542 793 222538
62.5165 94.4575 675.808 506 222544
58.5865 94.4575 675.808 312 222533
53.3865 99.2294 689.074 840 222550
46.7965 104.001 702.34 3565 222530
42.8665 104.001 702.34 816 222524
38.9365 104.001 702.34 913 222529
68.6245 77.1868 628.742 547 222537
65.2563 79.8468 642.643 98 222555
65.2563 83.7767 642.643 322 222546
58.8276 91.6367 669.175 464 222541
55.6132 96.8367 682.441 362 222537
55.6132 100.767 682.441 200 222548
52.3989 103.427 695.707 785 222545
49.1845 100.767 708.973 2249 222546
49.1845 104.697 708.973 516 222524
2.29651 158.333 76.2962 49 226491
6.22651 158.333 76.2962 2554 226593
3.56651 157.809 63.0302 242 226587
-6.19126 159.049 82.9293 56 226551
40.8445 156.389 43.1311 393 226561
-178.99 177.997 89.5623 70 226553
-186.85 182.849 36.4981 86 226578
-160.61 184.062 23.2321 51 226541
-179.11 178.699 29.8651 846 226594
-178.617 179.969 16.5991 1360 226563
-178.617 183.899 16.5991 57 226509
-178.617 191.759 16.5991 361 226569
-178.124 186.559 3.33302 495 226563
-178.124 190.489 3.33302 467 226556
-184.19 160.83 183.06 103 226556
-180.26 160.83 183.06 303 226562
-179.746 162.979 189.693 184 226563
-176.33 162.105 289.188 629 226564
-186.85 160.194 329.621 400 226564
-188.12 158.313 369.419 652 226566
-188.12 157.059 395.951 1642 226563
-184.19 157.059 395.951 466 226547
-186.85 156.432 409.217 416 226545
-182.92 156.432 409.217 751 226560
-178.99 156.432 409.217 1374 226569
-175.06 156.432 409.217 187 226540
-188.12 155.805 422.483 2757 226561
-176.33 155.805 422.483 657 226562
-172.4 155.805 422.483 625 226564
-168.47 155.805 422.483 164 226538
-186.85 155.178 435.749 713 226563
-182.92 155.178 435.749 377 226552
-178.99 155.178 435.749 403 226559
-171.13 155.178 435.749 521 226567
-163.27 155.178 435.749 854 226572
-184.19 154.551 449.015 150 226558
-180.26 154.551 449.015 264 226561
-164.54 154.551 449.015 452 226567
-156.68 154.551 449.015 321 226569
-152.75 154.551 449.015 155 226560
-159.34 153.924 462.281 2795 226579
-147.55 153.924 462.281 903 226573
-188.12 153.297 475.547 3543 226568
-140.96 153.297 475.547 234 226588
-137.03 153.297 475.547 524 226576
-186.85 152.639 489.448 1545 226562
-182.92 152.639 489.448 1534 226563
-178.99 152.639 489.448 669 226557
-127.9 152.639 489.448 1091 226577
-188.12 152.012 502.715 413 226545
-184.19 152.012 502.715 2363 226565
-180.26 152.012 502.715 1896 226561
-120.707 152.012 502.715 1443 226598
-116.777 152.012 502.715 218 226595
-186.85 151.385 515.981 620 226561
-182.92 151.385 515.981 1166 226567
-178.99 151.385 515.981 817 226562
-175.06 151.385 515.981 122 226518
-180.26 150.758 529.247 1004 226565
-186.85 150.131 542.513 330 226570
-175.06 150.131 542.513 584 226572
-188.12 149.504 555.779 1363 226578
-172.4 149.504 555.779 482 226581
-164.54 149.504 555.779 184 226576
-186.85 148.877 569.045 492 226567
-188.12 148.25 582.311 688 226570
-148.82 148.25 582.311 164 226568
-186.85 147.623 595.577 195 226572
-186.85 146.369 622.109 782 226570
-182.92 145.085 649.276 577 226587
-184.19 144.458 662.542 1336 226583
-182.92 143.83 675.808 526 226593
-182.92 142.576 702.34 400 226590
-167.2 142.576 702.34 283 226592
-188.12 141.949 715.606 331 226566
-180.26 141.949 715.606 644 226572
-186.85 141.322 728.872 76 226565
-178.99 141.322 728.872 485 226574
-171.13 141.322 728.872 57 226573
-184.19 140.695 742.138 104 226533
-180.26 140.695 742.138 530 226572
-178.99 140.068 755.404 1159 226571
-180.26 139.441 768.67 911 226587
-178.99 138.814 781.936 545 226576
-171.13 138.814 781.936 412 226570
-176.33 138.187 795.202 553 226593
-175.06 137.53 809.103 720 226587
-171.13 137.53 809.103 310 226569
-175.06 136.276 835.635 530 226593
-172.4 135.649 848.902 1195 226590
-175.06 135.022 862.168 288 226596
-172.4 134.394 875.434 614 226577
-171.13 133.767 888.7 608 226600
-172.4 133.14 901.966 634 226596
-171.13 132.513 915.232 566 226579
-172.4 131.886 928.498 742 226604
-175.06 131.259 941.764 190 226592
-172.4 130.632 955.03 497 226601
-175.06 129.975 968.931 587 226576
-176.33 129.348 982.197 545 226601
-175.06 128.721 995.463 515 226607
-176.33 128.094 1008.73 402 226598
-156.68 128.094 1008.73 623 226573
-175.06 127.467 1022 1327 226606
-176.33 126.84 1035.26 592 226608
-175.06 126.213 1048.53 742 226608
-176.33 125.585 1061.79 553 226603
-175.06 124.958 1075.06 412 226595
-167.2 124.958 1075.06 330 226597
-180.26 124.331 1088.33 570 226595
-176.33 124.331 1088.33 445 226594
-186.85 123.704 1101.59 359 226596
-171.13 123.704 1101.59 3441 226601
-167.2 123.704 1101.59 65 226523
-172.4 123.077 1114.86 134 226522
-168.47 123.077 1114.86 3028 226601
-164.54 123.077 1114.86 57 226524
-167.2 122.42 1128.76 656 226603
-163.27 122.42 1128.76 1389 226603
-164.54 121.793 1142.02 664 226579
-160.61 121.793 1142.02 1839 226604
-163.27 121.166 1155.29 851 226579
-159.34 121.166 1155.29 3117 226603
-155.41 121.166 1155.29 2276 226597
-151.48 121.166 1155.29 608 226586
-160.61 120.539 1168.56 795 226597
-156.68 120.539 1168.56 1613 226602
-152.75 120.539 1168.56 1441 226606
-159.34 119.912 1181.82 1112 226603
-151.48 119.912 1181.82 1431 226604
-147.55 119.912 1181.82 770 226598
-143.62 119.912 1181.82 224 226571
-139.69 119.912 1181.82 223 226607
-160.61 119.285 1195.09 86 226577
-156.68 119.285 1195.09 827 226599
-148.82 119.285 1195.09 1953 226610
-144.89 119.285 1195.09 53 226562
-140.96 119.285 1195.09 93 226554
-155.41 118.658 1208.35 698 226592
-151.48 118.658 1208.35 69 226519
-147.55 118.658 1208.35 1245 226606
-143.62 118.658 1208.35 1201 226607
-152.75 118.031 1221.62 731 226605
-144.89 118.031 1221.62 905 226608
-140.96 118.031 1221.62 506 226598
-137.03 118.031 1221.62 195 226598
-151.48 117.404 1234.89 930 226606
-147.55 117.404 1234.89 380 226598
-143.62 117.404 1234.89 367 226597
-188.12 116.777 1248.15 464 226611
-148.82 116.777 1248.15 820 226611
-144.89 116.777 1248.15 113 226586
-133.1 116.777 1248.15 164 226629
-155.41 116.149 1261.42 382 226567
-151.48 116.149 1261.42 1719 226608
-139.69 116.149 1261.42 113 226624
-188.12 115.522 1274.68 870 226617
-137.03 115.522 1274.68 126 226616
-186.311 164.249 256.023 305 226602
-186.014 162.979 269.289 253 226565
-185.718 164.249 282.555 446 226568
-185.421 162.979 295.821 351 226566
-185.125 164.249 309.087 174 226562
-185.125 160.319 309.087 281 226579
-184.814 162.979 322.988 860 226567
-184.517 164.249 336.254 142 226567
-184.517 160.319 336.254 979 226569
-184.22 162.979 349.52 346 226567
-184.22 159.049 349.52 920 226569
-183.924 160.319 362.786 1294 226580
-183.924 156.389 362.786 259 226564
-183.331 160.319 389.318 1046 226569
-183.331 156.389 389.318 441 226577
-183.034 159.049 402.584 2314 226568
-183.034 155.119 402.584 177 226545
-182.737 160.319 415.85 213 226528
-182.737 156.389 415.85 2602 226568
-182.737 152.459 415.85 214 226535
-182.737 148.529 415.85 167 226549
-182.737 120.417 415.85 200 226614
-182.441 162.979 429.116 328 226565
-182.441 166.909 429.116 210 226554
-182.441 159.049 429.116 892 226580
-182.441 155.119 429.116 582 226567
-182.441 151.189 429.116 292 226558
-182.144 160.319 442.382 172 226553
-182.144 156.389 442.382 1603 226593
-182.144 152.459 442.382 57 226508
-182.144 144.599 442.382 167 226582
-181.847 166.909 455.648 205 226582
-181.847 155.119 455.648 273 226591
-181.847 119.147 455.648 138 226594
-181.551 164.249 468.914 84 226559
-181.551 160.319 468.914 237 226584
-181.551 156.389 468.914 335 226600
-181.551 152.459 468.914 252 226578
-181.551 116.487 468.914 110 226578
-181.24 162.979 482.815 453 226566
-181.24 159.049 482.815 459 226577
-181.24 155.119 482.815 431 226562
-181.24 151.189 482.815 409 226568
-181.24 115.217 482.815 215 226593
-180.943 164.249 496.082 374 226567
-180.943 160.319 496.082 54 226516
-180.943 156.389 496.082 730 226565
-180.943 152.459 496.082 2496 226582
-180.943 148.529 496.082 91 226547
-180.647 151.189 509.348 305 226572
-180.647 147.259 509.348 997 226594
-180.647 115.217 509.348 257 226585
-180.35 160.319 522.614 143 226567
-180.35 156.389 522.614 675 226569
-180.35 148.529 522.614 600 226569
-180.35 112.557 522.614 319 226595
-180.053 159.049 535.88 52 226557
-180.053 127.007 535.88 69 226610
-179.757 144.599 549.146 60 226577
-179.757 140.669 549.146 117 226599
-179.757 108.627 549.146 318 226590
-179.46 111.287 562.412 233 226569
-179.46 107.357 562.412 249 226587
-179.164 108.627 575.678 414 226603
-178.867 107.357 588.944 161 226577
-178.57 132.81 602.21 395 226589
-178.57 104.697 602.21 342 226594
-178.274 103.427 615.476 292 226589
-177.977 104.697 628.742 108 226578
-177.977 100.767 628.742 424 226594
-177.666 99.4967 642.643 460 226589
-177.073 95.5667 669.175 185 226600
-176.776 96.8367 682.441 232 226590
-176.48 95.5667 695.707 270 226572
-176.183 92.9067 708.973 256 226595
-175.886 91.6367 722.239 317 226601
-175.293 87.7067 748.771 230 226602
-174.997 88.9767 762.037 345 226603
-174.7 87.7067 775.303 436 226605
-174.403 85.0467 788.569 248 226596
-174.092 83.7767 802.47 337 226600
-173.796 81.1168 815.736 527 226598
-173.499 79.8468 829.003 345 226606
-173.203 81.1168 842.269 325 226603
-172.906 79.8468 855.535 357 226611
-172.609 77.1868 868.801 502 226603
-172.313 75.9168 882.067 370 226604
-172.016 73.2568 895.333 426 226606
-171.719 71.9868 908.599 444 226609
-171.423 69.3268 921.865 336 226602
-171.126 68.0568 935.131 374 226606
-170.83 64.8269 948.397 462 226605
-170.519 63.5569 962.298 624 226602
-170.222 60.8969 975.564 560 226603
-169.925 59.6269 988.83 403 226607
-169.629 56.9669 1002.1 464 226611
-169.332 55.6969 1015.36 365 226598
-169.036 56.9669 1028.63 359 226599
-169.036 53.0369 1028.63 564 226606
-168.739 51.7669 1041.89 347 226615
-168.442 49.1069 1055.16 510 226605
-168.146 63.5569 1068.43 126 226637
-168.146 47.8369 1068.43 447 226613
-167.849 45.1769 1081.69 761 226611
-167.552 51.7669 1094.96 527 226609
-167.552 43.907 1094.96 456 226608
-167.552 39.977 1094.96 319 226603
-167.552 36.047 1094.96 318 226593
-167.256 56.9669 1108.22 503 226607
-167.256 45.1769 1108.22 266 226604
-167.256 33.387 1108.22 1926 226607
-167.256 29.457 1108.22 913 226605
-166.945 63.5569 1122.13 552 226610
-166.945 43.907 1122.13 134 226625
-166.945 28.187 1122.13 101 226569
-166.945 24.257 1122.13 1155 226612
-166.648 69.3268 1135.39 546 226611
-166.648 17.6671 1135.39 1759 226608
-166.352 75.9168 1148.66 405 226609
-166.352 12.4671 1148.66 1654 226610
-166.352 8.53713 1148.66 866 226607
-166.055 81.1168 1161.92 373 226627
-166.055 9.80713 1161.92 114 226578
-166.055 5.87715 1161.92 1728 226610
-166.055 1.34415 1161.92 2436 226612
-166.055 -2.58583 1161.92 516 226596
-166.055 -6.51581 1161.92 228 226578
-165.758 87.7067 1175.19 115 226602
-165.758 83.7767 1175.19 289 226612
-165.758 0.0741518 1175.19 237 226578
-165.758 -3.85583 1175.19 2603 226609
-165.758 -7.78581 1175.19 1108 226604
-165.462 92.9067 1188.46 108 226594
-165.462 88.9767 1188.46 377 226614
-165.462 -6.51581 1188.46 167 226568
-165.165 95.5667 1201.72 519 226608
-165.462 -10.4458 1188.46 1045 226612
-165.462 -14.3758 1188.46 152 226565
-165.165 -7.78581 1201.72 47 226591
-164.869 100.767 1214.99 529 226621
-165.165 -19.5757 1201.72 454 226618
-165.165 -31.3657 1201.72 58 226617
-165.165 -35.2957 1201.72 102 226608
-164.572 107.357 1228.25 524 226613
-164.869 -22.2357 1214.99 596 226612
-164.869 -26.1657 1214.99 873 226613
-164.869 -30.0957 1214.99 138 226614
-164.275 112.557 1241.52 771 226627
-164.572 -27.4357 1228.25 184 226623
-164.572 -31.3657 1228.25 233 226613
-164.572 -39.2257 1228.25 308 226598
-164.572 -43.1556 1228.25 513 226613
-163.979 119.147 1254.79 681 226620
-163.979 115.217 1254.79 298 226612
-164.275 -34.0257 1241.52 275 226614
-164.275 -41.8856 1241.52 547 226619
-163.979 -3.85583 1254.79 838 226613
-163.682 124.347 1268.05 422 226611
-163.682 120.417 1268.05 199 226615
-163.682 -6.51581 1268.05 565 226621
-163.682 -10.4458 1268.05 67 226574
-163.682 -14.3758 1268.05 169 226595
-163.315 -5.27962 1284.45 167 226637
-163.315 -9.2096 1284.45 257 226623
-163.315 -44.5794 1284.45 143 226631
-162.686 -13.1396 1312.61 282 226600
-162.686 -17.0696 1312.61 365 226620
-162.686 -20.9995 1312.61 173 226613
-162.047 -20.9995 1341.16 190 226647
