-188.12 98.8466 209.592 497 220575
-186.85 97.9687 222.858 500 220577
-184.19 97.0908 236.124 506 220580
-178.99 96.2129 249.39 1113 220571
-176.33 95.335 262.656 537 220573
-172.4 93.5793 289.188 521 220574
-167.2 92.7014 302.454 357 220580
-164.54 91.8235 315.72 514 220573
-163.27 90.9036 329.621 322 220582
-160.61 90.0257 342.887 361 220572
-155.41 89.1478 356.153 476 220574
-152.75 88.2699 369.419 642 220587
-148.82 86.5142 395.951 695 220585
-143.62 85.6363 409.217 425 220583
-140.96 84.7584 422.483 656 220584
-139.69 83.8805 435.749 577 220584
-137.03 83.0026 449.015 449 220581
-131.83 82.1248 462.281 917 220582
-129.17 81.2469 475.547 1716 220578
-123.367 80.327 489.448 172 220587
-120.707 79.4491 502.715 409 220586
-119.437 78.5712 515.981 538 220592
-116.777 77.6933 529.247 525 220585
-115.507 76.8154 542.513 235 220588
-111.577 76.8154 542.513 230 220590
-112.847 75.9376 555.779 120 220585
-108.917 75.9376 555.779 168 220593
-107.647 75.0597 569.045 416 220585
-104.987 74.1818 582.311 551 220592
-103.717 73.3039 595.577 129 220593
-95.8565 71.5481 622.109 457 220587
-91.9265 69.7504 649.276 621 220588
-87.9965 69.7504 649.276 77 220586
-89.2665 68.8725 662.542 846 220592
-85.3365 68.8725 662.542 354 220584
-84.0665 67.9946 675.808 721 220587
-81.4065 67.1167 689.074 513 220601
-80.1365 66.2388 702.34 248 220604
-81.4065 65.3609 715.606 177 220595
-77.4765 65.3609 715.606 122 220591
-73.5465 65.3609 715.606 119 220598
-72.2765 64.4831 728.872 484 220605
-69.6165 63.6052 742.138 429 220590
-68.3465 62.7273 755.404 425 220612
-65.6865 61.8494 768.67 539 220589
-57.2565 60.0936 795.202 594 220598
-52.0565 59.1737 809.103 275 220601
-49.3965 58.2958 822.37 315 220599
-48.1265 57.418 835.635 419 220600
-45.4665 56.5401 848.902 729 220607
-44.1965 55.6622 862.168 489 220606
-41.5365 54.7843 875.434 384 220608
-36.3365 53.9064 888.7 553 220606
-33.6765 53.0285 901.966 488 220603
-32.4065 52.1507 915.232 532 220596
-29.7465 51.2728 928.498 506 220612
-28.4765 50.3949 941.764 592 220607
-24.5465 50.3949 941.764 527 220606
-21.8865 49.517 955.03 425 220613
-20.6165 48.5971 968.931 492 220623
-17.9565 47.7192 982.197 493 220605
-16.6865 46.8413 995.463 187 220609
-14.0265 45.9635 1008.73 500 220617
-10.0965 45.9635 1008.73 104 220606
-8.82651 45.0856 1022 443 220609
-6.16651 44.2077 1035.26 489 220613
-4.89651 43.3298 1048.53 381 220613
-2.23651 42.4519 1061.79 262 220620
3.56651 41.574 1075.06 371 220613
6.22651 40.6962 1088.33 490 220618
7.49651 39.8183 1101.59 443 220625
10.1565 38.9404 1114.86 204 220605
15.3565 38.0205 1128.76 931 220623
18.0165 37.1426 1142.02 629 220625
23.2165 36.2647 1155.29 420 220612
25.8765 35.3868 1168.56 616 220620
27.1465 34.509 1181.82 369 220620
29.8065 33.6311 1195.09 377 220614
35.0065 32.7532 1208.35 379 220614
37.6665 31.8753 1221.62 325 220612
38.9365 30.9974 1234.89 320 220622
41.5965 30.1195 1248.15 340 220623
46.7965 29.2417 1261.42 365 220625
53.3865 26.4619 1303.43 313 220615
57.3165 26.4619 1303.43 149 220618
61.2465 24.5623 1332.13 462 220614
69.6765 22.6958 1360.34 523 220608
77.5365 20.8062 1388.89 1050 220615
85.3965 18.9761 1416.55 764 220615
93.2565 17.0996 1444.9 542 220617
101.117 15.2133 1473.41 710 220629
108.977 13.3534 1501.51 100 220628
124.697 9.50132 1559.72 570 220620
-199.753 103.427 163.161 129 220577
-196.766 100.767 176.427 325 220584
-193.779 99.4967 189.693 245 220597
-190.792 100.767 202.959 351 220591
-187.805 99.4967 216.225 428 220576
-184.818 96.8367 229.491 243 220590
-181.831 95.5667 242.757 69 220600
-178.844 96.8367 256.023 389 220591
-175.857 95.5667 269.289 407 220588
-172.87 92.9067 282.555 941 220577
-169.883 91.6367 295.821 194 220584
-166.896 92.9067 309.087 317 220581
-163.766 91.6367 322.988 393 220575
-160.779 88.9767 336.254 181 220605
-157.792 91.6367 349.52 212 220592
-154.805 88.9767 362.786 339 220600
-148.831 88.9767 389.318 83 220569
-145.844 87.7067 402.584 344 220581
-142.857 85.0467 415.85 478 220581
-139.87 83.7767 429.116 543 220605
-136.883 85.0467 442.382 253 220585
-133.896 83.7767 455.648 459 220596
-130.909 81.1168 468.914 1406 220592
-127.779 83.7767 482.815 92 220604
-127.779 79.8468 482.815 590 220593
-124.792 81.1168 496.082 314 220601
-121.805 79.8468 509.348 440 220599
-118.818 77.1868 522.614 290 220584
-115.831 75.9168 535.88 103 220601
-112.844 77.1868 549.146 439 220583
-109.856 75.9168 562.412 451 220584
-103.882 75.9168 588.944 90 220583
-100.895 73.2568 602.21 337 220593
-97.9084 71.9868 615.476 347 220604
-91.7913 71.9868 642.643 428 220614
-85.8173 83.7767 669.175 446 220606
-85.8173 68.0568 669.175 456 220599
-82.8303 69.3268 682.441 381 220582
-79.8432 68.0568 695.707 352 220611
-76.8562 64.8269 708.973 531 220586
-73.8692 63.5569 722.239 359 220584
-70.8822 64.8269 735.505 492 220582
-67.8951 119.147 748.771 70 220577
-67.8951 63.5569 748.771 946 220583
-61.9211 59.6269 775.303 122 220607
-58.9341 60.8969 788.569 435 220601
-55.8041 59.6269 802.47 471 220604
-52.817 60.8969 815.736 224 220604
-49.83 59.6269 829.003 350 220603
-46.843 56.9669 842.269 348 220584
-43.8559 55.6969 855.535 509 220608
-40.8689 56.9669 868.801 404 220604
-37.8819 55.6969 882.067 480 220612
-34.8949 53.0369 895.333 487 220608
-31.9078 51.7669 908.599 579 220605
-28.9208 53.0369 921.865 354 220617
-25.9338 51.7669 935.131 957 220609
-22.9468 49.1069 948.397 749 220609
-19.8168 47.8369 962.298 623 220612
-16.8297 49.1069 975.564 320 220612
-13.8427 47.8369 988.83 460 220609
-10.8557 45.1769 1002.1 824 220615
-7.86865 43.907 1015.36 698 220609
-4.88162 41.247 1028.63 584 220611
-1.8946 39.977 1041.89 333 220617
1.09243 41.247 1055.16 463 220616
4.07945 39.977 1068.43 507 220610
7.06648 37.317 1081.69 395 220610
10.0535 36.047 1094.96 753 220613
13.0405 37.317 1108.22 498 220615
16.1705 36.047 1122.13 508 220615
19.1576 33.387 1135.39 482 220612
22.1446 32.117 1148.66 494 220618
25.1316 29.457 1161.92 246 220614
28.1186 28.187 1175.19 246 220609
31.1057 29.457 1188.46 402 220609
34.0927 28.187 1201.72 446 220619
37.0797 25.5271 1214.99 498 220620
40.0667 24.257 1228.25 588 220619
46.0408 24.257 1254.79 85 220639
49.0278 21.5971 1268.05 1231 220617
52.7207 22.8333 1284.45 663 220622
59.0603 18.9033 1312.61 394 220611
65.4899 18.9033 1341.16 594 220620
71.9195 14.9733 1369.72 364 220611
78.1802 14.9733 1397.52 376 220631
84.5423 11.0433 1425.78 373 220618
90.9719 11.0433 1454.33 313 220613
97.3002 7.11334 1482.44 360 220613
103.595 7.11334 1510.4 557 220608
109.957 2.58034 1538.65 398 220606
116.195 2.58034 1566.36 462 220639
156.74 110.901 982.197 54 221931
158.01 109.05 995.463 352 221920
160.67 107.199 1008.73 218 221922
161.94 105.348 1022 635 221903
164.6 103.497 1035.26 532 221903
165.87 101.646 1048.53 494 221909
168.53 99.7945 1061.79 1058 221913
169.8 97.9434 1075.06 461 221919
172.46 96.0922 1088.33 561 221920
177.66 94.2411 1101.59 581 221911
180.32 92.39 1114.86 449 221909
181.59 90.4502 1128.76 357 221907
184.25 88.5991 1142.02 503 221926
189.45 86.748 1155.29 334 221913
156.131 107.357 988.83 1767 221906
158.527 108.627 1002.1 608 221904
158.527 104.697 1002.1 409 221906
160.923 107.357 1015.36 285 221905
163.319 104.697 1028.63 816 221907
165.715 103.427 1041.89 436 221907
168.111 100.767 1055.16 518 221894
170.507 99.4967 1068.43 459 221891
172.903 96.8367 1081.69 597 221890
175.299 95.5667 1094.96 429 221893
177.695 92.9067 1108.22 474 221902
180.206 91.6367 1122.13 410 221903
182.602 88.9767 1135.39 302 221886
184.998 87.7067 1148.66 349 221895
187.394 85.0467 1161.92 439 221898
189.79 83.7767 1175.19 288 221906
192.186 81.1168 1188.46 361 221896
194.582 79.8468 1201.72 346 221892
196.978 77.1868 1214.99 66 221904
196.978 73.2568 1214.99 62 221888
-182.92 -132.874 595.577 67 222714
-188.12 -131.876 582.311 479 222726
-185.757 -130.788 588.944 349 222742
-190.452 -129.518 575.678 179 222733
-195.146 -130.788 562.412 115 222730
-175.06 -133.396 622.109 421 222717
-163.27 -133.958 649.276 589 222732
-160.61 -134.232 662.542 598 222718
-156.68 -134.232 662.542 235 222727
-155.41 -134.507 675.808 227 222732
-148.82 -134.781 689.074 524 222732
-143.62 -135.055 702.34 530 222717
-140.96 -135.33 715.606 244 222741
-137.03 -135.33 715.606 132 222750
-135.76 -135.604 728.872 319 222751
-129.17 -135.879 742.138 515 222727
-123.367 -136.153 755.404 753 222743
-120.707 -136.427 768.67 656 222720
-115.507 -136.702 781.936 303 222755
-108.917 -136.976 795.202 784 222740
-103.717 -137.264 809.103 1441 222740
-101.057 -137.538 822.37 158 222735
-97.1265 -137.538 822.37 228 222738
-99.7865 -137.813 835.635 400 222738
-95.8565 -137.813 835.635 324 222720
-89.2665 -138.087 848.902 322 222742
-84.0665 -138.361 862.168 315 222748
-81.4065 -138.636 875.434 374 222740
-76.2065 -138.91 888.7 666 222750
-73.5465 -139.185 901.966 66 222737
-69.6165 -139.185 901.966 218 222745
-68.3465 -139.459 915.232 222 222755
-64.4165 -139.459 915.232 123 222745
-61.1865 -139.733 928.498 540 222742
-55.9865 -140.008 941.764 342 222736
-53.3265 -140.282 955.03 304 222745
-48.1265 -140.57 968.931 400 222740
-41.5365 -140.844 982.197 480 222740
-36.3365 -141.119 995.463 505 222742
-33.6765 -141.393 1008.73 345 222740
-28.4765 -141.667 1022 660 222752
-21.8865 -141.942 1035.26 477 222758
-20.6165 -142.216 1048.53 116 222753
-16.6865 -142.216 1048.53 284 222742
-14.0265 -142.491 1061.79 337 222746
-8.82651 -142.765 1075.06 282 222747
-2.23651 -143.039 1088.33 619 222755
3.56651 -143.314 1101.59 480 222745
6.22651 -143.588 1114.86 271 222757
10.1565 -143.588 1114.86 56 222804
11.4265 -143.876 1128.76 116 222732
15.3565 -143.876 1128.76 189 222744
18.0165 -144.15 1142.02 514 222754
23.2165 -144.425 1155.29 346 222705
25.8765 -144.699 1168.56 234 222746
31.0765 -144.973 1181.82 305 222746
33.7365 -145.248 1195.09 90 222744
37.6665 -145.248 1195.09 259 222744
38.9365 -145.522 1208.35 331 222756
45.5265 -145.797 1221.62 259 222749
50.7265 -146.071 1234.89 342 222748
53.3865 -146.345 1248.15 425 222747
58.5865 -146.62 1261.42 853 222746
65.7465 -146.894 1274.68 194 222754
73.6065 -147.489 1303.43 681 222745
93.2565 -148.666 1360.34 517 222752
105.047 -149.257 1388.89 542 222751
116.837 -149.829 1416.55 545 222752
129.23 -150.415 1444.9 540 222754
141.02 -151.005 1473.41 285 222753
144.95 -151.005 1473.41 345 222759
160.67 -151.586 1501.51 86 222751
-180.973 -133.448 602.21 526 222726
-176.112 -134.718 615.476 99 222730
-176.112 -130.788 615.476 131 222725
-171.251 -133.448 628.742 350 222744
-166.157 -134.718 642.643 418 222729
-161.296 -133.448 655.909 404 222731
-156.435 -134.718 669.175 430 222728
-151.574 -133.448 682.441 79 222749
-146.713 -134.718 695.707 405 222722
-141.852 -137.378 708.973 440 222739
-136.99 -118.395 722.239 91 222743
-132.129 -137.378 735.505 414 222740
-132.129 -117.125 735.505 252 222732
-127.268 -138.648 748.771 798 222732
-127.268 -110.535 748.771 208 222728
-122.407 -137.378 762.037 540 222730
-122.407 -141.308 762.037 467 222738
-117.546 -138.648 775.303 534 222745
-117.546 -126.858 775.303 526 222728
-112.685 -133.448 788.569 96 222732
-112.685 -137.378 788.569 501 222750
-107.591 -138.648 802.47 1254 222739
-102.73 -137.378 815.736 888 222736
-97.8692 -138.648 829.003 718 222745
-93.0082 -141.308 842.269 220 222736
-88.1471 -138.648 855.535 317 222735
-83.286 -141.308 868.801 318 222753
-78.425 -138.648 882.067 689 222734
-73.5639 -141.308 895.333 851 222746
-73.5639 -105.335 895.333 496 222750
-68.7028 -138.648 908.599 319 222733
-68.7028 -98.7453 908.599 69 222720
-68.7028 -94.8154 908.599 423 222736
-68.7028 -90.8854 908.599 112 222742
-63.8418 -141.308 921.865 385 222753
-58.9807 -138.648 935.131 485 222738
-54.1196 -141.308 948.397 579 222751
-54.1196 -69.9655 948.397 158 222736
-49.0259 -142.578 962.298 322 222758
-44.1648 -141.308 975.564 397 222737
-39.3037 -142.578 988.83 531 222751
-34.4427 -141.308 1002.1 831 222749
-34.4427 -145.238 1002.1 183 222737
-29.5816 -142.578 1015.36 407 222739
-24.7205 -141.308 1028.63 515 222747
-19.8595 -142.578 1041.89 647 222753
-14.9984 -141.308 1055.16 374 222759
-10.1373 -142.578 1068.43 466 222762
-5.27625 -141.308 1081.69 781 222754
-0.415183 -142.578 1094.96 474 222736
4.44589 -137.378 1108.22 513 222736
4.44589 -141.308 1108.22 840 222750
9.53964 -142.578 1122.13 288 222756
14.4007 -141.308 1135.39 408 222756
19.2618 -142.578 1148.66 264 222754
24.1228 -141.308 1161.92 405 222755
28.9839 -142.578 1175.19 332 222755
33.845 -141.308 1188.46 319 222741
38.7061 -142.578 1201.72 399 222763
43.5671 -141.308 1214.99 420 222748
48.4282 -142.578 1228.25 354 222753
53.2893 -141.308 1241.52 406 222761
58.1503 -142.578 1254.79 835 222739
63.0114 -141.308 1268.05 404 222739
63.0114 -145.238 1268.05 368 222750
69.0212 -140.072 1284.45 492 222757
79.3381 -140.072 1312.61 514 222751
79.3381 -144.002 1312.61 179 222737
89.8016 -140.072 1341.16 454 222759
100.265 -136.142 1369.72 415 222763
110.454 -136.142 1397.52 350 222752
120.807 -132.212 1425.78 411 222753
131.271 -128.282 1454.33 568 222767
141.57 -124.352 1482.44 529 222742
151.813 -119.819 1510.4 128 222729
151.813 -115.889 1510.4 356 222766
-172.4 -128.948 183.06 88 224431
-176.384 -141.308 176.427 360 224471
-119.437 100.639 9.96604 484 224459
-115.507 100.639 9.96604 563 224449
-111.893 103.427 3.33302 97 224443
-111.893 107.357 3.33302 451 224460
-111.893 111.287 3.33302 416 224456
-175.06 -143.574 169.794 639 224473
-176.33 -141.698 155.892 364 224457
-180.26 -141.698 155.892 419 224453
-184.19 -141.698 155.892 352 224460
-176.609 -145.238 176.427 126 224428
-178.964 -142.578 163.161 272 224461
-178.964 -138.648 163.161 288 224468
-181.432 -141.308 149.259 944 224480
-183.787 -138.648 135.993 161 224485
105.047 28.8793 1114.86 243 224685
101.117 28.8793 1114.86 454 224693
94.5265 12.4531 1128.76 903 224698
89.3265 -3.2228 1142.02 250 224688
85.3965 -3.2228 1142.02 933 224705
78.8065 -18.8987 1155.29 625 224700
74.8765 -18.8987 1155.29 299 224689
69.6765 -34.5745 1168.56 371 224680
65.7465 -34.5745 1168.56 1616 224688
62.5165 -50.2504 1181.82 909 224716
61.2465 -65.9263 1195.09 174 224718
57.3165 -65.9263 1195.09 590 224714
54.6565 -81.6021 1208.35 1176 224718
53.3865 -97.278 1221.62 1074 224712
107.718 41.247 1108.22 593 224667
107.718 37.317 1108.22 1770 224684
107.718 33.387 1108.22 381 224672
99.1694 24.257 1122.13 199 224666
99.1694 20.3271 1122.13 1497 224686
99.1694 16.3971 1122.13 591 224686
91.0116 5.87715 1135.39 1031 224697
91.0116 1.34415 1135.39 2865 224692
82.8539 -7.78581 1148.66 632 224705
82.8539 -11.7158 1148.66 219 224693
74.6961 -22.2357 1161.92 511 224693
74.6961 -26.1657 1161.92 564 224706
66.5383 -39.2257 1175.19 356 224694
66.5383 -43.1556 1175.19 471 224694
58.3806 -57.6055 1188.46 413 224700
58.3806 -62.1055 1188.46 289 224676
50.2228 -71.2355 1201.72 145 224672
50.2228 -75.1655 1201.72 540 224700
50.2228 -79.0955 1201.72 270 224674
42.065 -89.6154 1214.99 534 224701
42.065 -93.5454 1214.99 597 224704
33.9072 -102.675 1228.25 283 224698
33.9072 -106.605 1228.25 1089 224713
108.977 40.164 1114.86 489 224696
110.247 40.6019 1128.76 543 224706
110.247 41.4377 1155.29 545 224704
112.907 41.8555 1168.56 472 224688
110.247 42.2734 1181.82 418 224705
112.907 42.6913 1195.09 1552 224686
114.177 43.1092 1208.35 274 224686
112.907 43.5271 1221.62 564 224708
114.177 43.9449 1234.89 371 224686
112.907 44.3628 1248.15 416 224688
114.177 44.7807 1261.42 850 224707
112.907 46.1039 1303.43 648 224689
116.837 47.8966 1360.34 491 224703
116.837 48.7961 1388.89 552 224700
116.837 49.6672 1416.55 465 224701
116.837 50.5604 1444.9 218 224684
120.767 50.5604 1444.9 326 224695
120.767 51.4583 1473.41 549 224703
120.767 52.3436 1501.51 101 224704
120.767 54.1773 1559.72 572 224703
109.438 41.247 1108.22 593 224667
109.438 37.317 1108.22 1770 224684
109.852 39.977 1122.13 494 224686
110.246 41.247 1135.39 533 224689
110.641 39.977 1148.66 504 224687
111.036 41.247 1161.92 555 224690
111.43 43.907 1175.19 353 224692
111.825 41.247 1188.46 1155 224687
112.219 43.907 1201.72 432 224701
112.614 41.247 1214.99 246 224690
113.008 43.907 1228.25 601 224697
113.403 45.1769 1241.52 474 224699
113.798 43.907 1254.79 1275 224695
114.192 41.247 1268.05 490 224690
114.192 45.1769 1268.05 622 224694
114.68 46.4131 1284.45 519 224679
115.517 46.4131 1312.61 363 224716
116.367 50.3431 1341.16 631 224704
117.216 50.3431 1369.72 458 224708
118.043 50.3431 1397.52 642 224703
118.884 50.3431 1425.78 505 224700
119.733 50.3431 1454.33 1024 224701
120.569 50.3431 1482.44 383 224702
120.569 54.2731 1482.44 140 224703
121.4 54.2731 1510.4 510 224710
122.241 54.2731 1538.65 749 224705
123.065 54.2731 1566.36 507 224704
-163.27 -54.0034 9.96604 602 226250
-164.54 -57.2401 23.2321 411 226249
-163.27 -60.4768 36.4981 516 226245
-164.54 -63.7135 49.7642 556 226242
-163.27 -66.9502 63.0302 574 226250
-164.54 -70.1869 76.2962 551 226243
-159.34 -73.4236 89.5623 118 226237
-167.2 -73.4236 89.5623 482 226242
-168.47 -76.6603 102.828 536 226246
-167.2 -79.897 116.094 540 226251
-171.13 -86.3705 142.626 555 226248
-171.13 -92.9988 169.794 585 226250
-172.4 -96.2355 183.06 439 226243
-171.13 -99.4722 196.326 446 226244
-172.4 -102.709 209.592 542 226242
-175.06 -105.946 222.858 687 226254
-176.33 -109.182 236.124 387 226249
-175.06 -112.419 249.39 470 226250
-176.33 -115.656 262.656 772 226260
-178.99 -125.366 302.454 375 226250
-180.26 -128.603 315.72 790 226259
-178.99 -131.994 329.621 514 226251
-180.26 -135.231 342.887 377 226257
-182.92 -138.468 356.153 470 226254
-184.19 -148.178 395.951 772 226259
-186.85 -151.415 409.217 228 226266
-186.85 -157.888 435.749 464 226252
-188.12 -161.125 449.015 305 226254
-188.12 -167.598 475.547 535 226253
-188.12 -174.226 502.715 236 226265
-161.72 -51.0156 3.33302 397 226244
-162.469 -57.6055 16.5991 400 226251
-163.218 -58.8755 29.8651 404 226251
-163.966 -62.1055 43.1311 428 226238
-164.715 -63.3755 56.3972 96 226236
-164.715 -67.3055 56.3972 357 226234
-165.464 -66.0355 69.6632 191 226246
-165.464 -69.9655 69.6632 168 226234
-166.213 -75.1655 82.9293 417 226246
-166.961 -69.9655 96.1953 615 226236
-167.71 -79.0955 109.461 416 226240
-168.459 -81.7554 122.727 476 226240
-169.208 -83.0254 135.993 186 226238
-169.208 -86.9554 135.993 123 226257
-169.957 -85.6854 149.259 75 226196
-169.957 -89.6154 149.259 203 226253
-170.741 -90.8854 163.161 316 226250
-171.49 -93.5454 176.427 399 226260
-172.239 -98.7453 189.693 354 226240
-172.987 -101.405 202.959 356 226238
-173.736 -102.675 216.225 300 226253
-173.736 -106.605 216.225 93 226241
-174.485 -105.335 229.491 111 226266
-174.485 -109.265 229.491 202 226275
-175.234 -110.535 242.757 522 226243
-175.983 -113.195 256.023 445 226240
-176.731 -118.395 269.289 367 226265
-177.48 -121.055 282.555 319 226267
-178.229 -122.325 295.821 379 226260
-178.978 -125.588 309.087 215 226264
-179.762 -130.788 322.988 559 226264
-180.511 -133.448 336.254 472 226263
-181.26 -134.718 349.52 170 226281
-181.26 -138.648 349.52 62 226227
-182.009 -141.308 362.786 385 226262
-182.757 -142.578 376.052 321 226266
-184.255 -150.438 402.584 223 226255
-185.004 -153.098 415.85 442 226261
-185.752 -154.368 429.116 294 226281
-186.501 -157.028 442.382 95 226252
-186.501 -160.958 442.382 210 226263
-187.999 -164.888 468.914 260 226279
-188.783 -170.088 482.815 168 226265
-189.532 -172.748 496.082 272 226278
-190.281 -174.018 509.348 262 226266
-191.03 -176.678 522.614 243 226280
-191.778 -181.878 535.88 183 226258
-192.527 -184.538 549.146 80 226278
-193.276 -185.808 562.412 117 226281
