-167.2 -40.2182 515.981 1109 218264
-187.856 -85.6854 522.614 116 218243
-187.856 -81.7554 522.614 533 218259
-187.856 -77.8254 522.614 476 218250
-187.856 -73.8955 522.614 443 218255
-188.12 -79.0596 529.247 735 218257
-184.19 -79.0596 529.247 539 218261
-189.176 -85.6854 522.614 116 218243
-178.5 -71.2355 535.88 406 218270
-160.61 -172.756 662.542 108 218294
-148.82 -172.756 662.542 80 218269
-168.47 -189.16 689.074 274 218274
-159.628 -181.878 669.175 461 218256
-156.974 -180.608 682.441 711 218266
-156.974 -184.538 682.441 469 218255
-152.75 -14.999 395.951 310 218609
-156.68 -14.999 395.951 383 218627
-160.61 -14.999 395.951 446 218536
-164.54 -14.999 395.951 284 218614
-168.47 -14.999 395.951 318 218611
-172.4 -14.999 395.951 408 218638
-178.938 -11.7158 402.584 122 218632
-178.938 -19.5757 402.584 58 218711
-53.3265 51.9368 315.72 3235 218625
-49.3965 51.9368 315.72 843 218495
-45.4665 51.9368 315.72 180 218604
-48.1265 44.2832 329.621 255 218586
-44.1965 44.2832 329.621 867 218626
-40.2665 44.2832 329.621 191 218578
-29.7465 22.3716 369.419 1174 218627
-24.5465 15.0677 382.685 943 218643
-20.6165 15.0677 382.685 174 218618
-4.89651 0.459885 409.217 729 218643
-2.23651 -21.4518 449.015 389 218622
6.22651 -36.0596 475.547 1324 218648
35.0065 -43.7131 489.448 186 218670
38.9365 -43.7131 489.448 49 218663
-39.6536 45.1769 336.254 1904 218624
-39.6536 41.247 336.254 368 218611
-33.3559 39.977 349.52 554 218595
-33.3559 36.047 349.52 2975 218621
-33.3559 32.117 349.52 2328 218632
-33.3559 28.187 349.52 648 218490
-27.0583 25.5271 362.786 1921 218638
-27.0583 21.5971 362.786 165 218603
-20.7607 28.187 376.052 156 218607
-20.7607 20.3271 376.052 572 218626
-20.7607 16.3971 376.052 1300 218636
-20.7607 8.53713 376.052 136 218652
-14.463 21.5971 389.318 107 218603
-14.463 9.80713 389.318 746 218643
-8.16537 12.4671 402.584 109 218626
-8.16537 8.53713 402.584 393 218636
-8.16537 4.60715 402.584 362 218634
-8.16537 0.0741518 402.584 148 218662
-69.6165 75.0065 315.72 3605 218554
-73.5465 75.0065 315.72 2321 218611
-77.4765 75.0065 315.72 1595 218615
-76.2065 77.8726 329.621 851 218610
-77.4765 80.6077 342.887 635 218607
-81.4065 80.6077 342.887 1301 218628
-85.3365 80.6077 342.887 860 218630
-80.1365 83.3428 356.153 488 218611
-89.2665 86.078 369.419 1430 218644
-93.1965 91.5483 395.951 195 218622
-97.1265 91.5483 395.951 386 218655
-101.057 91.5483 395.951 197 218642
-95.8565 94.2834 409.217 225 218621
-99.7865 94.2834 409.217 192 218609
-103.717 94.2834 409.217 306 218627
-107.647 94.2834 409.217 527 218630
-111.577 94.2834 409.217 140 218607
-115.507 94.2834 409.217 203 218615
-116.777 97.0186 422.483 293 218658
-99.7865 99.7537 435.749 121 218640
-116.777 102.489 449.015 78 218650
-124.637 107.959 475.547 77 218629
-129.17 107.959 475.547 178 218626
-115.507 110.825 489.448 263 218644
-131.83 110.825 489.448 137 218638
-139.69 110.825 489.448 304 218633
-112.847 113.56 502.715 588 218610
-144.89 113.56 502.715 166 218627
-148.82 113.56 502.715 130 218637
-152.75 113.56 502.715 463 218641
-115.507 116.295 515.981 444 218538
-156.68 113.56 502.715 346 218644
-119.437 116.295 515.981 315 218630
-159.34 116.295 515.981 436 218637
-127.9 121.766 542.513 64 218531
-135.76 121.766 542.513 396 218631
-139.69 121.766 542.513 234 218625
-143.62 121.766 542.513 488 218633
-147.55 121.766 542.513 409 218633
-151.48 121.766 542.513 457 218634
-160.61 124.501 555.779 58 218636
-123.367 127.236 569.045 255 218641
-127.9 127.236 569.045 50 218636
-163.27 127.236 569.045 129 218653
-175.06 132.706 595.577 960 218653
-131.83 138.177 622.109 624 218654
-135.76 143.778 649.276 991 218656
-137.03 146.513 662.542 825 218662
-140.96 146.513 662.542 155 218635
-139.69 149.248 675.808 149 218650
-143.62 149.248 675.808 229 218659
-144.89 151.983 689.074 452 218654
-147.55 154.718 702.34 436 218652
-148.82 157.454 715.606 280 218652
-151.48 160.189 728.872 281 218656
-156.68 162.924 742.138 631 218653
-159.34 165.659 755.404 455 218658
-160.61 168.394 768.67 581 218651
-163.27 171.129 781.936 414 218652
-168.47 173.864 795.202 402 218655
-167.2 176.73 809.103 251 218672
-172.4 179.466 822.37 515 218656
-175.06 182.201 835.635 535 218656
-176.33 184.936 848.902 1064 218654
-178.99 187.671 862.168 582 218659
-184.19 190.406 875.434 510 218663
-186.85 193.141 888.7 721 218661
-188.12 195.876 901.966 528 218667
-71.6738 77.1868 309.087 483 218626
-80.558 77.1868 336.254 440 218635
-80.558 81.1168 336.254 471 218628
-80.558 85.0467 336.254 737 218638
-89.2347 81.1168 362.786 205 218627
-89.2347 88.9767 362.786 629 218637
-97.9113 92.9067 389.318 491 218639
-102.25 83.7767 402.584 1015 218644
-102.25 95.5667 402.584 212 218626
-102.25 99.4967 402.584 718 218641
-102.25 103.427 402.584 544 218637
-106.588 85.0467 415.85 67 218609
-106.588 88.9767 415.85 2230 218647
-115.265 88.9767 442.382 97 218638
-132.825 104.697 496.082 207 218642
-132.825 112.557 496.082 669 218649
-137.164 111.287 509.348 436 218649
-141.502 104.697 522.614 149 218643
-141.502 116.487 522.614 104 218649
-141.502 120.417 522.614 241 218654
-145.84 127.007 535.88 60 218638
-145.84 131.54 535.88 322 218644
-150.179 116.487 549.146 574 218685
-150.179 124.347 549.146 14 218608
-154.517 135.47 562.412 207 218650
-158.855 120.417 575.678 1794 218652
-158.855 124.347 575.678 156 218622
-163.194 103.427 588.944 51 218582
-163.194 107.357 588.944 834 218663
-163.194 123.077 588.944 80 218601
-163.194 127.007 588.944 271 218636
-167.532 128.277 602.21 392 218644
-167.532 140.669 602.21 155 218674
-171.87 131.54 615.476 407 218646
-176.208 136.74 628.742 684 218646
-180.754 139.399 642.643 427 218648
-189.431 111.287 669.175 132 218649
-189.431 147.259 669.175 606 218654
-193.769 148.529 682.441 317 218645
-198.108 151.189 695.707 116 218645
-198.108 155.119 695.707 112 218647
-202.446 156.389 708.973 514 218646
-206.784 159.049 722.239 530 218651
-215.461 166.909 748.771 698 218651
-219.799 168.179 762.037 363 218658
-219.799 172.109 762.037 51 218629
-224.138 170.839 775.303 288 218646
-228.476 176.039 788.569 1787 218654
-228.476 179.969 788.569 250 218628
-233.022 174.769 802.47 1750 218656
-233.022 178.699 802.47 916 218637
-233.022 182.629 802.47 1068 218631
-233.022 186.559 802.47 1214 218642
-233.022 190.489 802.47 1558 218644
-237.36 172.109 815.736 86 218607
-237.36 176.039 815.736 3486 218650
-237.36 179.969 815.736 54 218609
-44.1965 102.023 356.153 3583 218586
-40.2665 102.023 356.153 249 218552
-41.5365 108.252 369.419 452 218582
-37.6065 108.252 369.419 1243 218620
-33.6765 108.252 369.419 3574 218622
-36.3365 114.481 382.685 190 218606
-28.4765 126.94 409.217 1055 218628
-24.5465 126.94 409.217 290 218605
-25.8165 133.17 422.483 69 218581
-21.8865 133.17 422.483 613 218633
-20.6165 139.399 435.749 808 218638
-16.6865 139.399 435.749 945 218633
-12.7565 139.399 435.749 705 218636
-8.82651 139.399 435.749 261 218621
-14.0265 145.628 449.015 122 218575
-10.0965 145.628 449.015 1521 218635
-6.16651 145.628 449.015 363 218629
-8.82651 151.858 462.281 334 218639
-4.89651 151.858 462.281 385 218630
2.29651 158.087 475.547 366 218634
18.0165 183.303 529.247 429 218666
-56.3474 77.1868 309.087 483 218626
-51.9613 83.7767 322.988 94 218651
-47.7755 88.9767 336.254 87 218609
-43.5897 99.4967 349.52 783 218649
-43.5897 103.427 349.52 609 218639
-39.4039 96.8367 362.786 317 218632
-31.0323 112.557 389.318 385 218645
-31.0323 116.487 389.318 102 218620
-26.8465 123.077 402.584 322 218640
-22.6608 132.81 415.85 140 218650
-22.6608 136.74 415.85 278 218634
-14.2892 160.319 442.382 83 218655
-64.4165 68.4902 302.454 199 218651
-65.6865 68.3124 315.72 3569 218609
-69.6165 68.3124 315.72 3605 218554
-73.5465 68.3124 315.72 2321 218611
-68.3465 68.126 329.621 2675 218622
-72.2765 68.126 329.621 1076 218616
-76.2065 68.126 329.621 851 218610
-69.6165 67.9481 342.887 379 218601
-73.5465 67.9481 342.887 1034 218567
-77.4765 67.9481 342.887 635 218607
-81.4065 67.9481 342.887 1301 218628
-72.2765 67.7702 356.153 2210 218622
-76.2065 67.7702 356.153 413 218588
-80.1365 67.7702 356.153 488 218611
-73.5465 67.5923 369.419 678 218516
-77.4765 67.5923 369.419 2176 218636
-81.4065 67.5923 369.419 151 218607
-85.3365 67.2366 395.951 1027 218644
-89.2665 67.2366 395.951 89 218562
-93.1965 67.2366 395.951 195 218622
-87.9965 67.0587 409.217 728 218645
-91.9265 67.0587 409.217 232 218619
-95.8565 67.0587 409.217 225 218621
-99.7865 67.0587 409.217 192 218609
-89.2665 66.8808 422.483 1333 218640
-91.9265 66.703 435.749 813 218650
-99.7865 66.703 435.749 121 218640
-97.1265 66.5251 449.015 679 218646
-99.7865 66.3472 462.281 706 218643
-101.057 66.1693 475.547 1313 218647
-103.717 65.9829 489.448 997 218647
-115.507 65.9829 489.448 263 218644
-104.987 65.8051 502.715 1526 218631
-108.917 65.8051 502.715 3497 218614
-112.847 65.8051 502.715 588 218610
-95.8565 65.6272 515.981 765 218647
-107.647 65.6272 515.981 531 218635
-111.577 65.6272 515.981 1021 218642
-115.507 65.6272 515.981 444 218538
-119.437 65.6272 515.981 315 218630
-97.1265 65.4493 529.247 176 218656
-108.917 65.4493 529.247 200 218608
-112.847 65.4493 529.247 3546 218644
-111.577 65.2714 542.513 268 218654
-115.507 65.2714 542.513 199 218643
-127.9 65.2714 542.513 64 218531
-135.76 65.2714 542.513 396 218631
-139.69 65.2714 542.513 234 218625
-143.62 65.2714 542.513 488 218633
-112.847 65.0936 555.779 82 218610
-116.777 65.0936 555.779 768 218650
-120.707 65.0936 555.779 136 218659
-99.7865 64.9157 569.045 147 218659
-115.507 64.9157 569.045 339 218634
-119.437 64.9157 569.045 847 218644
-123.367 64.9157 569.045 255 218641
-127.9 64.9157 569.045 50 218636
-116.777 64.7378 582.311 512 218657
-120.707 64.7378 582.311 430 218647
-123.367 64.5599 595.577 101 218649
-131.83 64.2042 622.109 624 218654
-135.76 63.8399 649.276 991 218656
-137.03 63.662 662.542 825 218662
-140.96 63.662 662.542 155 218635
-139.69 63.4841 675.808 149 218650
-143.62 63.4841 675.808 229 218659
-144.89 63.3063 689.074 452 218654
-139.69 63.1284 702.34 211 218651
-147.55 63.1284 702.34 436 218652
-148.82 62.9505 715.606 280 218652
-151.48 62.7726 728.872 281 218656
-156.68 62.5948 742.138 631 218653
-159.34 62.4169 755.404 455 218658
-160.61 62.239 768.67 581 218651
-163.27 62.0611 781.936 414 218652
-168.47 61.8833 795.202 402 218655
-87.9965 61.6969 809.103 799 218646
-167.2 61.6969 809.103 251 218672
-172.4 61.519 822.37 515 218656
-175.06 61.3411 835.635 535 218656
-176.33 61.1632 848.902 1064 218654
-178.99 60.9854 862.168 582 218659
-184.19 60.8075 875.434 510 218663
-186.85 60.6296 888.7 721 218661
-188.12 60.4517 901.966 528 218667
-68.6173 69.3268 309.087 3378 218639
-71.3819 68.0568 322.988 1709 218644
-71.3819 63.5569 322.988 101 218547
-74.0203 69.3268 336.254 287 218635
-74.0203 64.8269 336.254 373 218587
-76.6587 68.0568 349.52 62 218642
-76.6587 71.9868 349.52 269 218647
-76.6587 63.5569 349.52 3372 218615
-79.2971 64.8269 362.786 3767 218606
-79.2971 60.8969 362.786 3757 218606
-81.9354 63.5569 376.052 3460 218628
-81.9354 59.6269 376.052 886 218605
-84.5738 69.3268 389.318 1229 218641
-84.5738 64.8269 389.318 1991 218620
-84.5738 73.2568 389.318 292 218614
-84.5738 60.8969 389.318 1559 218624
-87.2122 68.0568 402.584 52 218633
-87.2122 71.9868 402.584 218 218639
-87.2122 63.5569 402.584 711 218630
-87.2122 75.9168 402.584 58 218524
-87.2122 59.6269 402.584 556 218625
-89.8505 69.3268 415.85 469 218634
-89.8505 64.8269 415.85 1511 218497
-89.8505 73.2568 415.85 855 218645
-89.8505 60.8969 415.85 3573 218607
-89.8505 77.1868 415.85 154 218557
-89.8505 56.9669 415.85 419 218605
-92.4889 75.9168 429.116 1770 218646
-95.1273 69.3268 442.382 209 218651
-95.1273 64.8269 442.382 845 218614
-95.1273 60.8969 442.382 3737 218625
-95.1273 77.1868 442.382 449 218649
-95.1273 56.9669 442.382 176 218547
-95.1273 53.0369 442.382 80 218597
-97.7657 68.0568 455.648 514 218643
-97.7657 71.9868 455.648 372 218631
-97.7657 63.5569 455.648 1854 218630
-97.7657 59.6269 455.648 2323 218627
-97.7657 55.6969 455.648 68 218547
-97.7657 51.7669 455.648 518 218614
-100.404 64.8269 468.914 1751 218626
-100.404 60.8969 468.914 1969 218638
-100.404 77.1868 468.914 298 218646
-100.404 56.9669 468.914 351 218604
-103.169 68.0568 482.815 428 218644
-103.169 71.9868 482.815 193 218643
-103.169 63.5569 482.815 1915 218622
-103.169 59.6269 482.815 3221 218635
-103.169 83.7767 482.815 122 218647
-103.169 51.7669 482.815 453 218619
-105.807 69.3268 496.082 742 218642
-105.807 64.8269 496.082 1585 218637
-105.807 73.2568 496.082 54 218613
-105.807 60.8969 496.082 473 218622
-105.807 56.9669 496.082 712 218637
-108.445 68.0568 509.348 70 218646
-108.445 63.5569 509.348 3147 218636
-108.445 75.9168 509.348 55 218609
-108.445 59.6269 509.348 639 218619
-108.445 79.8468 509.348 590 218648
-111.084 69.3268 522.614 369 218645
-111.084 64.8269 522.614 1630 218643
-111.084 88.9767 522.614 295 218654
-111.084 45.1769 522.614 75 218631
-113.722 68.0568 535.88 126 218640
-113.722 63.5569 535.88 437 218633
-113.722 43.907 535.88 569 218639
-116.361 69.3268 549.146 558 218638
-116.361 64.8269 549.146 1625 218639
-116.361 73.2568 549.146 497 218643
-116.361 60.8969 549.146 374 218625
-116.361 41.247 549.146 95 218645
-118.999 68.0568 562.412 90 218537
-118.999 71.9868 562.412 332 218644
-118.999 59.6269 562.412 701 218641
-118.999 55.6969 562.412 106 218535
-121.637 64.8269 575.678 160 218648
-121.637 73.2568 575.678 291 218663
-121.637 56.9669 575.678 83 218644
-124.276 68.0568 588.944 462 218644
-124.276 63.5569 588.944 585 218639
-126.914 69.3268 602.21 248 218639
-126.914 64.8269 602.21 410 218650
-126.914 73.2568 602.21 170 218626
-126.914 56.9669 602.21 172 218646
-126.914 81.1168 602.21 89 218651
-129.552 63.5569 615.476 1155 218647
-129.552 59.6269 615.476 60 218616
-129.552 83.7767 615.476 507 218654
-129.552 91.6367 615.476 795 218651
-132.191 64.8269 628.742 289 218640
-132.191 73.2568 628.742 49 218637
-132.191 60.8969 628.742 315 218637
-134.955 71.9868 642.643 578 218650
-134.955 75.9168 642.643 666 218643
-134.955 39.977 642.643 583 218651
-137.594 60.8969 655.909 440 218651
-137.594 41.247 655.909 238 218644
-137.594 37.317 655.909 90 218628
-140.232 111.287 669.175 132 218649
-142.871 60.8969 682.441 255 218651
-142.871 29.457 682.441 125 218645
-145.509 68.0568 695.707 54 218594
-145.509 55.6969 695.707 68 218659
-148.147 60.8969 708.973 249 218646
-156.062 55.6969 748.771 159 218668
-64.4165 63.2437 302.454 199 218651
-61.1865 59.0237 315.72 3234 218624
-57.2565 59.0237 315.72 3579 218598
-59.9165 54.6018 329.621 2842 218626
-55.9865 54.6018 329.621 1065 218610
-52.0565 54.6018 329.621 594 218616
-57.2565 50.3819 342.887 835 218506
-53.3265 50.3819 342.887 2069 218626
-49.3965 50.3819 342.887 1149 218616
-55.9865 46.162 356.153 3453 218620
-52.0565 46.162 356.153 1606 218593
-48.1265 46.162 356.153 782 218606
-57.2565 41.9421 369.419 1727 218614
-53.3265 41.9421 369.419 3511 218622
-49.3965 41.9421 369.419 1557 218593
-45.4665 41.9421 369.419 2510 218621
-55.9865 37.7222 382.685 973 218628
-52.0565 37.7222 382.685 1673 218625
-48.1265 37.7222 382.685 2539 218628
-44.1965 37.7222 382.685 295 218605
-40.2665 37.7222 382.685 1679 218634
-48.1265 29.2823 409.217 358 218498
-44.1965 29.2823 409.217 2390 218627
-40.2665 29.2823 409.217 1026 218613
-36.3365 29.2823 409.217 370 218611
-32.4065 29.2823 409.217 652 218613
-53.3265 25.0624 422.483 51 218507
-49.3965 25.0624 422.483 1150 218631
-45.4665 25.0624 422.483 867 218624
-41.5365 25.0624 422.483 1589 218628
-37.6065 25.0624 422.483 805 218625
-33.6765 25.0624 422.483 157 218574
-29.7465 25.0624 422.483 337 218623
-44.1965 20.8425 435.749 3129 218637
-40.2665 20.8425 435.749 120 218579
-36.3365 20.8425 435.749 1641 218637
-45.4665 16.6226 449.015 59 218586
-41.5365 16.6226 449.015 2547 218631
-37.6065 16.6226 449.015 834 218604
-33.6765 16.6226 449.015 2322 218630
-40.2665 12.4026 462.281 1402 218632
-36.3365 12.4026 462.281 432 218601
-32.4065 12.4026 462.281 578 218627
-28.4765 12.4026 462.281 909 218638
-24.5465 12.4026 462.281 87 218600
-20.6165 12.4026 462.281 50 218586
-37.6065 8.18273 475.547 1977 218631
-33.6765 8.18273 475.547 2435 218631
-29.7465 8.18273 475.547 361 218601
-32.4065 3.76082 489.448 1047 218630
-28.4765 3.76082 489.448 2173 218638
-24.5465 3.76082 489.448 1003 218629
-20.6165 3.76082 489.448 396 218625
-29.7465 -0.459103 502.715 2526 218640
-25.8165 -0.459103 502.715 910 218630
-21.8865 -0.459103 502.715 77 218573
-28.4765 -4.67902 515.981 2213 218640
-24.5465 -4.67902 515.981 1062 218628
-20.6165 -4.67902 515.981 168 218582
-16.6865 -4.67902 515.981 662 218632
-12.7565 -4.67902 515.981 135 218619
-29.7465 -8.89894 529.247 51 218586
-25.8165 -8.89894 529.247 1854 218636
-21.8865 -8.89894 529.247 331 218607
-17.9565 -8.89894 529.247 175 218624
-48.1265 -13.1189 542.513 114 218763
-24.5465 -13.1189 542.513 3328 218643
-20.6165 -13.1189 542.513 228 218612
-16.6865 -13.1189 542.513 73 218578
-25.8165 -17.3388 555.779 479 218630
-21.8865 -17.3388 555.779 1420 218644
-17.9565 -17.3388 555.779 654 218630
-14.0265 -17.3388 555.779 48 218573
-6.16651 -17.3388 555.779 62 218607
-24.5465 -21.5587 569.045 102 218625
-20.6165 -21.5587 569.045 851 218647
-16.6865 -21.5587 569.045 177 218629
-33.6765 -25.7786 582.311 691 218634
-17.9565 -25.7786 582.311 344 218635
-32.4065 -29.9985 595.577 597 218632
-16.6865 -29.9985 595.577 556 218636
-12.7565 -29.9985 595.577 432 218653
-33.6765 -34.2184 608.843 480 218633
-17.9565 -34.2184 608.843 203 218625
-14.0265 -34.2184 608.843 1215 218642
-10.0965 -34.2184 608.843 1153 218635
6.22651 -34.2184 608.843 555 218653
10.1565 -34.2184 608.843 265 218633
-36.3365 -38.4384 622.109 313 218632
-12.7565 -38.4384 622.109 523 218634
-8.82651 -38.4384 622.109 906 218647
-4.89651 -38.4384 622.109 574 218646
-33.6765 -42.6583 635.375 596 218631
-2.23651 -42.6583 635.375 104 218653
-36.3365 -47.0802 649.276 619 218642
-4.89651 -47.0802 649.276 99 218664
-0.96651 -47.0802 649.276 66 218638
19.2865 -47.0802 649.276 168 218671
-37.6065 -51.3001 662.542 741 218631
-6.16651 -51.3001 662.542 290 218640
-2.23651 -51.3001 662.542 980 218637
-36.3365 -55.52 675.808 924 218644
-37.6065 -59.7399 689.074 607 218641
-6.16651 -59.7399 689.074 261 218638
-40.2665 -63.9599 702.34 610 218632
-4.89651 -63.9599 702.34 159 218683
-41.5365 -68.1798 715.606 474 218637
-40.2665 -72.3997 728.872 627 218646
23.2165 -72.3997 728.872 114 218673
-41.5365 -76.6196 742.138 635 218634
6.22651 -76.6196 742.138 79 218648
-44.1965 -80.8395 755.404 590 218629
-53.3265 -85.0595 768.67 894 218635
-45.4665 -85.0595 768.67 472 218631
-33.6765 -93.4993 795.202 319 218628
-29.7465 -93.4993 795.202 335 218599
-25.8165 -93.4993 795.202 846 218628
-21.8865 -93.4993 795.202 1323 218632
-17.9565 -93.4993 795.202 1210 218631
-16.6865 -97.9212 809.103 1175 218633
-12.7565 -97.9212 809.103 1955 218648
-10.0965 -102.141 822.37 221 218637
-12.7565 -106.361 835.635 119 218650
-57.6983 59.6269 322.988 3521 218629
-57.6983 55.6969 322.988 1956 218626
-57.6983 51.7669 322.988 708 218605
-55.5284 49.1069 336.254 884 218611
-53.3585 51.7669 349.52 726 218604
-53.3585 47.8369 349.52 125 218541
-53.3585 43.907 349.52 1191 218616
-51.1886 49.1069 362.786 2722 218629
-51.1886 45.1769 362.786 1659 218562
-51.1886 41.247 362.786 210 218569
-49.0187 39.977 376.052 1670 218628
-49.0187 36.047 376.052 3301 218630
-49.0187 32.117 376.052 1073 218631
-46.8489 37.317 389.318 830 218638
-46.8489 33.387 389.318 220 218607
-46.8489 29.457 389.318 695 218633
-44.679 39.977 402.584 219 218617
-44.679 36.047 402.584 756 218643
-44.679 32.117 402.584 315 218630
-44.679 28.187 402.584 79 218603
-44.679 24.257 402.584 227 218625
-42.5091 37.317 415.85 131 218598
-42.5091 29.457 415.85 929 218642
-42.5091 17.6671 415.85 106 218652
-38.1693 33.387 442.382 265 218623
-38.1693 29.457 442.382 196 218555
-38.1693 21.5971 442.382 313 218642
-38.1693 17.6671 442.382 198 218653
-38.1693 13.7371 442.382 55 218639
-35.9995 24.257 455.648 246 218631
-35.9995 20.3271 455.648 578 218646
-35.9995 16.3971 455.648 592 218639
-35.9995 4.60715 455.648 227 218641
-33.8296 13.7371 468.914 836 218645
-33.8296 9.80713 468.914 1151 218643
-33.8296 -2.58583 468.914 398 218649
-31.5558 8.53713 482.815 1167 218643
-31.5558 4.60715 482.815 566 218621
-31.5558 -11.7158 482.815 892 218646
-29.386 5.87715 496.082 929 218651
-29.386 1.34415 496.082 596 218647
-29.386 -14.3758 496.082 1121 218648
-27.2161 4.60715 509.348 159 218643
-27.2161 -3.85583 509.348 231 218656
-25.0462 13.7371 522.614 1143 218643
-27.2161 -27.4357 509.348 849 218649
-25.0462 9.80713 522.614 331 218642
-25.0462 5.87715 522.614 159 218609
-25.0462 1.34415 522.614 476 218642
-25.0462 -2.58583 522.614 1171 218643
-25.0462 -6.51581 522.614 224 218630
-22.8763 8.53713 535.88 59 218643
-22.8763 -3.85583 535.88 275 218625
-22.8763 -7.78581 535.88 858 218643
-22.8763 -11.7158 535.88 650 218643
-22.8763 -23.5057 535.88 280 218643
-20.7064 -6.51581 549.146 354 218645
-20.7064 -10.4458 549.146 99 218588
-20.7064 -14.3758 549.146 252 218647
-18.5365 -11.7158 562.412 804 218650
-18.5365 -19.5757 562.412 280 218643
-16.3667 -10.4458 575.678 529 218646
-16.3667 -14.3758 575.678 495 218646
-16.3667 -22.2357 575.678 105 218632
-16.3667 -26.1657 575.678 140 218634
-14.1968 -27.4357 588.944 199 218656
-14.1968 -31.3657 588.944 322 218653
-12.0269 -18.3057 602.21 66 218646
-12.0269 -34.0257 602.21 261 218652
-9.85703 -39.2257 615.476 305 218653
-7.68714 -30.0957 628.742 270 218643
-7.68714 -41.8856 628.742 370 218662
-7.68714 -77.8254 628.742 275 218662
-5.4134 -47.0856 642.643 1116 218651
-3.24352 -45.8156 655.909 284 218652
-3.24352 -53.6756 655.909 283 218659
-1.07364 -54.9456 669.175 310 218647
-1.07364 -58.8755 669.175 145 218640
1.09624 -62.1055 682.441 329 218667
3.26613 -63.3755 695.707 100 218630
3.26613 -67.3055 695.707 298 218662
5.43601 -69.9655 708.973 476 218662
7.60589 -75.1655 722.239 404 218661
5.43601 -113.195 708.973 227 218633
9.77577 -77.8254 735.505 737 218659
9.77577 -81.7554 735.505 291 218581
11.9456 -83.0254 748.771 403 218654
14.1155 -89.6154 762.037 295 218656
16.2854 -90.8854 775.303 199 218653
16.2854 -94.8154 775.303 231 218659
18.4553 -97.4753 788.569 912 218669
20.729 -102.675 802.47 429 218665
22.8989 -105.335 815.736 324 218662
22.8989 -109.265 815.736 153 218666
25.0688 -110.535 829.003 277 218660
27.2387 -117.125 842.269 491 218664
29.4086 -122.325 855.535 339 218664
31.5784 -125.588 868.801 548 218668
33.7483 -130.788 882.067 274 218681
35.9182 -133.448 895.333 183 218668
35.9182 -137.378 895.333 100 218688
38.0881 -138.648 908.599 344 218666
40.258 -145.238 921.865 183 218656
42.4278 -150.438 935.131 144 218675
44.5977 -153.098 948.397 131 218658
46.8715 -158.298 962.298 57 218658
-20.6165 -55.392 356.153 50 219644
-10.0965 -127.087 315.72 49 219785
-24.5465 -8.3463 382.685 63 219711
-0.96651 -55.392 356.153 46 219776
14.1446 -45.8156 362.786 52 219582
14.1446 -41.8856 362.786 54 219742
65.6301 -19.5757 376.052 50 219720
-188.12 30.2224 1388.89 627 221211
-188.12 28.2677 1416.55 835 221205
-184.19 26.2636 1444.9 990 221208
-184.19 24.2488 1473.41 725 221207
-184.19 22.2624 1501.51 958 221210
-184.19 20.283 1529.52 714 221210
-184.19 16.3623 1584.99 566 221210
-180.26 16.3623 1584.99 522 221201
-195.839 49.1069 1135.39 134 221235
-195.421 47.8369 1148.66 134 221220
-195.002 45.1769 1161.92 165 221229
-194.584 43.907 1175.19 113 221213
-194.166 45.1769 1188.46 127 221202
-193.747 43.907 1201.72 191 221214
-193.329 41.247 1214.99 138 221203
-192.91 39.977 1228.25 222 221211
-192.492 41.247 1241.52 194 221205
-192.073 39.977 1254.79 198 221215
-191.655 37.317 1268.05 316 221213
-191.137 38.5532 1284.45 293 221225
-190.249 38.5532 1312.61 206 221222
-189.348 34.6232 1341.16 224 221228
-188.448 34.6232 1369.72 110 221243
-187.57 30.6932 1397.52 238 221230
-186.679 26.7632 1425.78 77 221234
-185.778 26.7632 1454.33 309 221235
-184.892 22.8333 1482.44 201 221232
-184.01 22.8333 1510.4 297 221243
-183.119 18.9033 1538.65 422 221218
-182.245 14.9733 1566.36 155 221233
-104.987 -166.947 23.2321 455 223314
-107.647 -169.224 9.96604 488 223311
-106.217 -168.818 16.5991 409 223313
-109.087 -170.088 3.33302 141 223304
-104.987 -166.947 23.2321 455 223314
-103.717 -166.184 36.4981 314 223302
-101.057 -165.42 49.7642 503 223304
-99.7865 -164.657 63.0302 375 223307
-97.1265 -163.893 76.2962 314 223297
-95.8565 -163.13 89.5623 383 223292
-97.1265 -162.366 102.828 63 223275
-91.9265 -161.602 116.094 301 223297
-87.9965 -160.075 142.626 99 223323
-89.2665 -159.312 155.892 277 223309
-84.0665 -158.512 169.794 200 223335
-81.4065 -157.748 183.06 264 223312
-80.1365 -156.985 196.326 326 223318
-81.4065 -156.221 209.592 61 223271
-76.2065 -155.458 222.858 183 223303
-77.4765 -154.694 236.124 275 223296
-76.2065 -153.93 249.39 235 223296
-73.5465 -153.167 262.656 491 223296
-69.6165 -151.64 289.188 447 223332
-68.3465 -150.876 302.454 296 223341
-64.4165 -149.313 329.621 95 223305
-61.1865 -148.549 342.887 230 223273
-57.2565 -147.022 369.419 1084 223310
-55.9865 -146.259 382.685 387 223307
-52.0565 -144.731 409.217 301 223331
-53.3265 -143.968 422.483 393 223315
-52.0565 -143.204 435.749 226 223308
-48.1265 -143.204 435.749 52 223243
-49.3965 -142.441 449.015 456 223319
-48.1265 -141.677 462.281 263 223331
-45.4665 -140.914 475.547 430 223307
-40.2665 -140.114 489.448 363 223324
-37.6065 -139.35 502.715 543 223316
-36.3365 -138.587 515.981 526 223316
-33.6765 -137.823 529.247 250 223310
-32.4065 -137.059 542.513 531 223316
-33.6765 -136.296 555.779 373 223321
-32.4065 -135.532 569.045 416 223328
-29.7465 -134.769 582.311 411 223317
-28.4765 -134.005 595.577 354 223318
-25.8165 -133.242 608.843 648 223329
-24.5465 -132.478 622.109 419 223320
-21.8865 -131.715 635.375 713 223319
-20.6165 -130.915 649.276 946 223318
-17.9565 -130.151 662.542 633 223318
-14.0265 -130.151 662.542 236 223314
-16.6865 -129.387 675.808 452 223338
-4.89651 -129.387 675.808 60 223341
-14.0265 -128.624 689.074 740 223320
-12.7565 -127.86 702.34 328 223321
-14.0265 -127.097 715.606 110 223321
-8.82651 -126.333 728.872 132 223323
-10.0965 -125.57 742.138 411 223338
-8.82651 -124.806 755.404 399 223325
-6.16651 -124.043 768.67 324 223319
-2.23651 -122.516 795.202 399 223322
-0.96651 -121.715 809.103 209 223326
2.29651 -120.952 822.37 477 223345
3.56651 -120.188 835.635 341 223332
6.22651 -119.425 848.902 1153 223323
7.49651 -118.661 862.168 431 223340
6.22651 -117.898 875.434 349 223325
7.49651 -117.134 888.7 804 223326
10.1565 -116.371 901.966 660 223348
11.4265 -115.607 915.232 385 223353
14.0865 -114.844 928.498 158 223346
11.4265 -114.08 941.764 309 223356
14.0865 -113.317 955.03 351 223327
15.3565 -112.516 968.931 401 223328
18.0165 -111.753 982.197 357 223354
19.2865 -110.989 995.463 621 223328
21.9465 -110.226 1008.73 427 223354
23.2165 -109.462 1022 487 223328
21.9465 -108.699 1035.26 243 223327
23.2165 -107.935 1048.53 179 223359
25.8765 -107.172 1061.79 520 223328
27.1465 -106.408 1075.06 393 223365
29.8065 -105.645 1088.33 484 223346
31.0765 -104.881 1101.59 423 223343
33.7365 -104.117 1114.86 478 223348
35.0065 -103.317 1128.76 438 223348
37.6665 -102.554 1142.02 468 223350
38.9365 -101.79 1155.29 399 223340
41.5965 -101.027 1168.56 489 223347
42.8665 -100.263 1181.82 417 223354
45.5265 -99.4996 1195.09 384 223355
50.7265 -98.7361 1208.35 207 223351
49.4565 -97.9725 1221.62 109 223381
53.3865 -97.9725 1221.62 80 223328
54.6565 -97.209 1234.89 573 223349
57.3165 -96.4455 1248.15 556 223355
58.5865 -95.6819 1261.42 300 223352
65.7465 -93.2642 1303.43 301 223335
93.2565 -89.9886 1360.34 878 223342
97.1865 -89.9886 1360.34 398 223334
-102.141 -164.888 43.1311 304 223304
-100.38 -166.158 56.3972 368 223313
-98.6188 -164.888 69.6632 536 223306
-96.8578 -166.158 82.9293 60 223312
-95.0968 -160.958 96.1953 236 223301
-93.3358 -162.228 109.461 358 223317
-91.5747 -160.958 122.727 446 223302
-89.8137 -162.228 135.993 318 223302
-88.0527 -160.958 149.259 505 223307
-86.2074 -158.298 163.161 418 223301
-84.4464 -157.028 176.427 390 223315
-82.6853 -158.298 189.693 480 223311
-80.9243 -157.028 202.959 344 223310
-79.1633 -154.368 216.225 300 223320
-77.4023 -153.098 229.491 121 223313
-75.6413 -154.368 242.757 438 223309
-73.8802 -153.098 256.023 297 223324
-72.1192 -154.368 269.289 336 223306
-70.3582 -153.098 282.555 620 223308
-68.5972 -150.438 295.821 408 223314
-64.9909 -150.438 322.988 469 223313
-61.4688 -150.438 349.52 377 223311
-59.7078 -149.168 362.786 741 223313
-57.9468 -150.438 376.052 248 223298
-57.9468 -146.508 376.052 637 223310
-57.9468 -142.578 376.052 175 223286
-54.4247 -146.508 402.584 366 223322
-52.6637 -145.238 415.85 410 223321
-50.9027 -142.578 429.116 258 223312
-49.1417 -145.238 442.382 376 223312
-45.6196 -141.308 468.914 436 223312
-43.7743 -142.578 482.815 439 223328
-42.0133 -141.308 496.082 440 223315
-40.2523 -138.648 509.348 418 223320
-38.4913 -137.378 522.614 407 223324
-36.7302 -138.648 535.88 378 223310
-34.9692 -137.378 549.146 366 223316
-33.2082 -134.718 562.412 444 223327
-31.4472 -137.378 575.678 65 223325
-31.4472 -133.448 575.678 319 223328
-29.6862 -134.718 588.944 391 223328
-27.9251 -133.448 602.21 457 223335
-24.4031 -133.448 628.742 535 223315
-22.5578 -130.788 642.643 1105 223313
-20.7968 -129.518 655.909 866 223313
-19.0357 -130.788 669.175 618 223315
-19.0357 -126.858 669.175 101 223299
-17.2747 -129.518 682.441 509 223327
-15.5137 -126.858 695.707 365 223323
-11.9917 -126.858 722.239 645 223317
-10.2306 -125.588 735.505 379 223333
-8.46963 -126.858 748.771 473 223318
-6.70861 -125.588 762.037 454 223316
-4.94759 -126.858 775.303 447 223336
-1.34125 -122.325 802.47 556 223316
0.419767 -121.055 815.736 429 223311
2.18079 -118.395 829.003 266 223332
3.94181 -121.055 842.269 212 223315
5.70283 -118.395 855.535 383 223356
7.46385 -117.125 868.801 521 223321
9.22487 -114.465 882.067 361 223317
10.9859 -117.125 895.333 566 223348
12.7469 -114.465 908.599 426 223342
14.5079 -113.195 921.865 547 223319
16.2689 -110.535 935.131 530 223334
18.03 -109.265 948.397 495 223344
19.8753 -110.535 962.298 563 223332
21.6363 -109.265 975.564 395 223319
23.3973 -106.605 988.83 451 223347
25.1583 -105.335 1002.1 660 223349
26.9194 -106.605 1015.36 467 223346
28.6804 -105.335 1028.63 420 223342
30.4414 -102.675 1041.89 385 223342
32.2024 -101.405 1055.16 196 223339
33.9634 -102.675 1068.43 584 223340
35.7245 -101.405 1081.69 623 223338
37.4855 -102.675 1094.96 358 223359
39.2465 -101.405 1108.22 370 223343
41.0918 -98.7453 1122.13 417 223344
42.8528 -101.405 1135.39 89 223317
42.8528 -97.4753 1135.39 69 223328
44.6139 -98.7453 1148.66 349 223351
46.3749 -97.4753 1161.92 552 223351
48.1359 -98.7453 1175.19 381 223345
49.8969 -97.4753 1188.46 305 223333
51.6579 -98.7453 1201.72 437 223339
53.419 -97.4753 1214.99 425 223345
55.18 -98.7453 1228.25 393 223350
56.941 -97.4753 1241.52 553 223348
58.702 -98.7453 1254.79 285 223347
60.463 -97.4753 1268.05 317 223347
62.6402 -92.3092 1284.45 415 223348
66.3777 -92.3092 1312.61 277 223347
70.1683 -88.3792 1341.16 632 223343
73.959 -76.5893 1369.72 721 223345
-184.19 113.997 715.606 527 224232
-172.55 128.277 708.973 771 224249
-172.55 132.81 708.973 255 224261
-193.692 131.54 722.239 49 224197
-193.692 135.47 722.239 95 224220
-193.692 139.399 722.239 357 224264
-115.507 -7.15016 702.34 69 224226
-111.577 -7.15016 702.34 754 224236
-104.987 -13.2059 715.606 282 224252
-101.057 -13.2059 715.606 417 224233
-97.1265 -13.2059 715.606 227 224224
-87.9965 -19.2617 728.872 282 224232
-84.0665 -19.2617 728.872 286 224229
-131.061 1.34415 682.441 138 224243
-118.404 -3.85583 695.707 336 224252
-105.747 -10.4458 708.973 359 224259
-93.0901 -15.6458 722.239 618 224258
-80.4332 -22.2357 735.505 561 224259
-67.7762 -27.4357 748.771 169 224244
-67.7762 -31.3657 748.771 811 224253
