-188.12 -121.548 183.06 141 220136
-184.19 -121.548 183.06 427 220154
-178.99 -108.238 196.326 78 220133
-168.47 -94.9271 209.592 744 220151
-199.799 -142.578 163.161 52 220197
-191.093 -129.518 176.427 281 220172
-191.093 -125.588 176.427 212 220156
-182.386 -114.465 189.693 426 220164
-173.68 -101.405 202.959 448 220161
-164.974 -90.8854 216.225 417 220160
-164.974 -86.9554 216.225 474 220167
173.73 -117.823 63.0302 647 221610
165.87 -134.167 89.5623 2142 221600
164.6 -142.34 102.828 1538 221598
160.67 -142.34 102.828 671 221479
161.94 -150.512 116.094 674 221612
158.01 -150.512 116.094 3521 221579
154.08 -150.512 116.094 1048 221588
160.67 -158.684 129.36 1158 221607
156.74 -158.684 129.36 545 221600
152.81 -158.684 129.36 303 221592
148.88 -158.684 129.36 784 221601
158.01 -166.856 142.626 316 221587
150.15 -166.856 142.626 584 221531
146.22 -166.856 142.626 1229 221607
142.29 -166.856 142.626 191 221580
156.74 -175.029 155.892 207 221582
148.88 -175.029 155.892 270 221597
144.95 -175.029 155.892 434 221605
141.02 -175.029 155.892 236 221590
141.02 -191.765 183.06 304 221612
130.5 -199.937 196.326 868 221614
133.16 -208.109 209.592 94 221610
129.23 -208.109 209.592 161 221626
124.697 -208.109 209.592 1670 221610
173.834 -121.055 69.6632 466 221589
173.834 -125.588 69.6632 1317 221591
169.412 -126.858 82.9293 544 221588
169.412 -130.788 82.9293 487 221565
169.412 -134.718 82.9293 53 221498
164.989 -133.448 96.1953 1414 221588
160.567 -146.508 109.461 1844 221596
160.567 -150.438 109.461 941 221592
160.567 -154.368 109.461 86 221512
156.144 -149.168 122.727 287 221572
156.144 -153.098 122.727 1110 221571
151.722 -162.228 135.993 421 221596
147.299 -168.818 149.259 165 221564
147.299 -172.748 149.259 772 221600
142.665 -181.878 163.161 756 221599
133.82 -181.878 189.693 57 221591
173.73 -121.808 89.5623 251 221578
169.8 -121.808 89.5623 490 221579
172.46 -123.77 102.828 343 221591
172.46 -127.694 129.36 338 221605
169.8 -129.656 142.626 490 221610
169.8 -133.673 169.794 428 221619
165.87 -133.673 169.794 489 221606
176.39 -135.635 183.06 142 221579
168.53 -135.635 183.06 353 221621
169.8 -137.597 196.326 420 221615
168.53 -139.559 209.592 366 221609
165.87 -141.521 222.858 119 221622
165.87 -145.444 249.39 376 221611
164.6 -147.406 262.656 457 221610
165.87 -149.368 275.922 386 221623
168.53 -151.33 289.188 424 221591
164.6 -151.33 289.188 429 221586
160.67 -151.33 289.188 2005 221602
165.87 -153.292 302.454 793 221618
158.01 -153.292 302.454 2080 221612
160.67 -155.254 315.72 309 221611
156.74 -155.254 315.72 3449 221609
152.81 -155.254 315.72 111 221577
156.74 -159.271 342.887 60 221524
152.81 -159.271 342.887 776 221611
148.88 -159.271 342.887 2008 221611
144.95 -159.271 342.887 64 221518
141.02 -159.271 342.887 894 221620
158.01 -161.233 356.153 52 221524
150.15 -161.233 356.153 3435 221611
146.22 -161.233 356.153 492 221591
130.5 -161.233 356.153 513 221610
125.967 -161.233 356.153 1767 221613
122.037 -161.233 356.153 562 221603
144.95 -163.195 369.419 192 221645
142.29 -165.157 382.685 52 221601
144.95 -171.042 422.483 51 221622
168.53 -174.966 449.015 392 221612
175.546 -121.055 69.6632 466 221589
174.618 -122.325 82.9293 347 221599
173.689 -121.055 96.1953 1768 221592
173.689 -125.588 96.1953 1399 221586
172.761 -118.395 109.461 465 221585
172.761 -126.858 109.461 569 221583
172.761 -130.788 109.461 1177 221571
171.832 -125.588 122.727 1185 221599
171.832 -129.518 122.727 775 221577
171.832 -133.448 122.727 979 221571
170.903 -126.858 135.993 755 221596
170.903 -130.788 135.993 515 221577
170.903 -134.718 135.993 405 221585
169.975 -125.588 149.259 538 221593
169.975 -129.518 149.259 505 221569
169.975 -133.448 149.259 307 221581
169.002 -130.788 163.161 526 221596
169.002 -134.718 163.161 224 221585
169.002 -138.648 163.161 353 221596
168.073 -121.055 176.427 968 221576
168.073 -129.518 176.427 1649 221597
168.073 -137.378 176.427 333 221571
167.144 -126.858 189.693 458 221599
167.144 -138.648 189.693 555 221591
166.216 -137.378 202.959 359 221604
165.287 -138.648 216.225 265 221601
164.358 -141.308 229.491 561 221601
163.43 -142.578 242.757 527 221598
162.501 -133.448 256.023 1225 221613
162.501 -145.238 256.023 674 221596
161.573 -134.718 269.289 58 221562
161.573 -146.508 269.289 601 221601
160.644 -149.168 282.555 905 221572
160.644 -153.098 282.555 3177 221598
159.715 -138.648 295.821 248 221605
159.715 -146.508 295.821 437 221572
159.715 -150.438 295.821 2350 221596
159.715 -154.368 295.821 800 221585
159.715 -158.298 295.821 95 221625
158.787 -145.238 309.087 232 221572
158.787 -153.098 309.087 410 221682
158.787 -157.028 309.087 462 221580
158.787 -160.958 309.087 1690 221607
158.787 -164.888 309.087 320 221582
157.814 -146.508 322.988 626 221591
157.814 -150.438 322.988 860 221595
157.814 -154.368 322.988 982 221591
157.814 -158.298 322.988 125 221532
157.814 -162.228 322.988 308 221569
157.814 -166.158 322.988 1558 221599
157.814 -170.088 322.988 821 221595
156.885 -157.028 336.254 920 221593
156.885 -168.818 336.254 484 221584
155.956 -130.788 349.52 1221 221601
155.956 -138.648 349.52 256 221571
155.956 -142.578 349.52 2232 221611
155.956 -146.508 349.52 341 221582
155.956 -158.298 349.52 143 221596
155.956 -162.228 349.52 165 221593
155.956 -174.018 349.52 291 221589
155.956 -177.948 349.52 958 221603
155.028 -180.608 362.786 748 221610
154.099 -150.438 376.052 1036 221597
154.099 -166.158 376.052 51 221644
150.385 -158.298 429.116 99 221568
150.385 -174.018 429.116 56 221592
147.599 -125.588 468.914 777 221616
147.599 -129.518 468.914 2031 221624
147.599 -133.448 468.914 169 221603
