133.16 -121.832 1444.9 408 226780
116.837 -140.588 1473.41 1029 226764
151.296 -108.029 1425.78 1876 226762
151.296 -111.959 1425.78 2496 226768
130.586 -128.282 1454.33 149 226770
156.74 -103.54 1416.55 3613 226724
152.81 -103.54 1416.55 1538 226760
148.88 -103.54 1416.55 415 226753
144.95 -103.54 1416.55 56 226685
88.966 -115.889 1425.78 175 226733
88.966 -119.819 1425.78 300 226731
88.966 -124.352 1425.78 179 226781
156.74 -103.055 1416.55 3613 226724
156.74 -108.781 1444.9 3427 226757
160.67 -108.781 1444.9 1510 226765
156.74 -114.537 1473.41 482 226763
160.67 -114.537 1473.41 322 226762
160.67 -120.212 1501.51 124 226779
164.6 -131.967 1559.72 463 226779
158.574 -104.099 1425.78 1242 226762
158.574 -108.029 1425.78 1876 226762
159.749 -108.029 1454.33 63 226669
159.749 -111.959 1454.33 2013 226770
160.906 -115.889 1482.44 899 226770
160.906 -119.819 1482.44 574 226752
162.057 -119.819 1510.4 66 226780
162.057 -124.352 1510.4 837 226773
162.057 -128.282 1510.4 133 226724
163.22 -128.282 1538.65 330 226777
164.36 -132.212 1566.36 639 226786
156.74 -103.01 1416.55 3613 226724
156.74 -103.846 1444.9 3427 226757
152.81 -103.846 1444.9 1065 226752
148.88 -103.846 1444.9 1487 226763
144.95 -104.687 1473.41 456 226762
141.02 -105.516 1501.51 112 226790
124.697 -105.516 1501.51 102 226759
137.09 -107.233 1559.72 333 226803
156.221 -104.099 1425.78 1242 226762
156.221 -100.169 1425.78 167 226712
150.321 -104.099 1454.33 922 226769
150.321 -108.029 1454.33 63 226669
144.514 -100.169 1482.44 380 226778
138.739 -108.029 1510.4 318 226781
138.739 -111.959 1510.4 86 226755
132.901 -104.099 1538.65 200 226781
132.901 -100.169 1538.65 240 226774
156.74 -103.12 1416.55 3613 226724
160.67 -103.12 1416.55 385 226773
160.67 -115.841 1444.9 1510 226765
164.6 -115.841 1444.9 297 226731
160.31 -104.099 1425.78 1242 226762
160.31 -108.029 1425.78 1876 226762
166.707 -115.889 1454.33 2742 226773
166.707 -119.819 1454.33 327 226745
156.74 -102.898 1416.55 3613 226724
156.74 -91.6505 1444.9 3427 226757
152.81 -91.6505 1444.9 1065 226752
156.74 -80.3435 1473.41 482 226763
152.81 -80.3435 1473.41 1459 226778
148.88 -69.1952 1501.51 104 226763
137.09 -46.1052 1559.72 333 226803
157.207 -100.169 1425.78 167 226712
157.207 -96.2392 1425.78 302 226713
154.272 -84.4492 1454.33 979 226769
151.383 -76.5893 1482.44 1326 226785
77.5365 199.764 1142.02 121 227204
81.4665 199.764 1142.02 92 227202
82.7365 197.623 1155.29 545 227208
85.3965 195.481 1168.56 99 227184
89.3265 195.481 1168.56 252 227208
90.5965 193.34 1181.82 355 227207
93.2565 191.198 1195.09 124 227202
97.1865 191.198 1195.09 202 227224
98.4565 189.057 1208.35 536 227210
105.047 186.915 1221.62 561 227212
106.317 184.774 1234.89 484 227213
112.907 182.633 1248.15 422 227215
114.177 180.491 1261.42 357 227225
120.767 178.35 1274.68 805 227227
92.9919 191.759 1188.46 314 227214
97.1156 190.489 1201.72 855 227213
101.239 187.829 1214.99 849 227221
105.363 186.559 1228.25 568 227224
109.487 183.899 1241.52 1225 227216
113.61 182.629 1254.79 230 227222
113.61 178.699 1254.79 95 227234
117.734 179.969 1268.05 280 227196
