-89.2665 205.814 49.7642 320 218230
-93.1965 205.814 49.7642 128 218211
-76.5834 179.969 43.1311 398 218196
-76.5834 183.899 43.1311 997 218221
-105.549 190.489 56.3972 186 218231
-123.367 20.1121 116.094 1034 218249
-127.9 20.1121 116.094 76 218247
-120.076 24.257 109.461 2390 218234
-10.0965 55.0929 23.2321 2107 218228
-6.16651 55.0929 23.2321 128 218197
-8.82651 36.5026 36.4981 899 218227
-10.0965 17.9122 49.7642 619 218242
-12.7565 -0.678059 63.0302 638 218243
-14.0265 -19.2684 76.2962 656 218246
-12.7565 -37.8587 89.5623 705 218230
-10.0965 -56.449 102.828 704 218232
-14.0265 -56.449 102.828 395 218230
-24.5465 -150.29 169.794 1013 218234
-36.3365 -224.652 222.858 958 218252
-10.8822 21.5971 43.1311 636 218236
-13.9009 -45.8156 96.1953 66 218199
-13.9009 -49.7456 96.1953 289 218239
-14.6555 -54.9456 109.461 127 218238
6.22651 42.2355 23.2321 794 218225
10.1565 42.2355 23.2321 579 218218
14.0865 42.2355 23.2321 1200 218226
18.0165 42.2355 23.2321 1781 218229
38.9365 8.13407 36.4981 456 218241
177.66 -128.271 89.5623 123 218234
-0.420023 53.0369 16.5991 221 218246
26.0444 28.187 29.8651 1639 218236
26.0444 24.257 29.8651 544 218222
26.0444 16.3971 29.8651 118 218229
105.437 -77.8254 69.6632 57 218252
-84.0665 -24.9792 169.794 58 218232
-87.9965 -24.9792 169.794 107 218227
-85.5275 -23.5057 163.161 827 218247
-92.2431 -26.1657 176.427 98 218252
21.9465 203.311 608.843 52 218817
19.2865 199.642 649.276 182 218824
21.9465 198.438 662.542 335 218832
19.2865 197.234 675.808 298 218840
21.9465 196.03 689.074 248 218835
19.2865 194.826 702.34 365 218838
21.9465 193.622 715.606 293 218833
19.2865 192.418 728.872 439 218836
21.9465 191.214 742.138 387 218834
19.2865 190.011 755.404 348 218838
18.0165 188.807 768.67 375 218834
18.0165 186.399 795.202 142 218826
23.2165 185.137 809.103 314 218837
21.9465 183.934 822.37 485 218838
19.2865 182.73 835.635 488 218834
21.9465 181.526 848.902 738 218835
19.2865 180.322 862.168 751 218837
21.9465 179.118 875.434 467 218841
19.2865 177.914 888.7 778 218843
21.9465 176.71 901.966 389 218840
19.2865 175.506 915.232 480 218834
19.2865 173.098 941.764 672 218841
18.0165 171.895 955.03 464 218852
19.2865 170.633 968.931 623 218851
18.0165 169.429 982.197 523 218851
19.2865 168.225 995.463 960 218841
18.0165 167.021 1008.73 562 218855
19.2865 165.817 1022 471 218844
18.0165 164.614 1035.26 539 218849
19.2865 163.41 1048.53 475 218852
18.0165 162.206 1061.79 455 218853
18.0165 159.798 1088.33 531 218855
15.3565 158.594 1101.59 540 218847
18.0165 157.39 1114.86 842 218851
19.2865 156.129 1128.76 961 218854
18.0165 154.925 1142.02 445 218846
19.2865 153.721 1155.29 455 218848
18.0165 152.517 1168.56 503 218856
19.2865 151.313 1181.82 425 218861
18.0165 150.109 1195.09 1065 218857
14.0865 150.109 1195.09 128 218831
19.2865 148.905 1208.35 277 218859
18.0165 147.701 1221.62 509 218850
18.0165 145.294 1248.15 477 218850
19.2865 144.09 1261.42 357 218866
15.3565 144.09 1261.42 271 218848
20.3829 190.489 748.771 552 218835
20.2974 187.829 762.037 105 218871
20.1266 187.829 788.569 511 218818
20.037 186.559 802.47 552 218854
19.9516 183.899 815.736 393 218850
19.8661 182.629 829.003 377 218843
19.7807 183.899 842.269 275 218815
19.6953 182.629 855.535 368 218844
19.6098 179.969 868.801 569 218853
19.5244 178.699 882.067 711 218854
19.4389 176.039 895.333 409 218845
19.3535 174.769 908.599 731 218843
19.2681 176.039 921.865 664 218841
19.1826 174.769 935.131 462 218840
19.0972 172.109 948.397 507 218850
19.0076 170.839 962.298 461 218849
18.9222 168.179 975.564 307 218849
18.8368 166.909 988.83 205 218854
18.7513 168.179 1002.1 621 218850
18.6659 166.909 1015.36 583 218847
18.5804 164.249 1028.63 1072 218843
18.495 162.979 1041.89 388 218861
18.4096 164.249 1055.16 485 218849
18.3241 162.979 1068.43 384 218853
18.2387 160.319 1081.69 508 218852
18.1532 159.049 1094.96 372 218846
18.0678 156.389 1108.22 60 218896
17.9783 159.049 1122.13 268 218857
17.8928 156.389 1135.39 380 218849
17.8074 155.119 1148.66 564 218858
17.7219 152.459 1161.92 421 218851
17.6365 151.189 1175.19 360 218855
17.5511 152.459 1188.46 488 218858
17.4656 151.189 1201.72 359 218857
17.3802 148.529 1214.99 394 218854
17.2947 147.259 1228.25 484 218854
17.2093 144.599 1241.52 382 218852
17.1239 143.329 1254.79 378 218857
17.0384 144.599 1268.05 459 218854
-61.1865 -67.0652 1360.34 773 222193
-69.6165 -74.4055 1388.89 504 222219
-73.5465 -81.5145 1416.55 422 222230
-81.4065 -88.8034 1444.9 380 222226
-89.2665 -96.1309 1473.41 199 222203
-93.1965 -96.1309 1473.41 124 222202
-97.1265 -103.356 1501.51 518 222224
-101.057 -110.554 1529.52 166 222221
-116.777 -124.814 1584.99 690 222225
-63.8075 -68.7293 1369.72 96 222227
-70.6494 -76.5893 1397.52 428 222211
-77.602 -84.4492 1425.78 349 222223
-84.6284 -92.3092 1454.33 605 222228
-91.5441 -100.169 1482.44 597 222217
-98.4229 -104.099 1510.4 317 222238
-105.375 -104.099 1538.65 297 222223
-112.193 -104.099 1566.36 621 222219
-111.577 -29.1978 9.96604 502 222533
-93.6857 -7.78581 3.33302 279 222528
-93.6857 -3.85583 3.33302 53 222516
-152.75 -54.7717 23.2321 664 222400
-108.917 -54.7717 23.2321 244 222539
-50.7225 -19.5757 29.8651 114 222532
-50.7225 -15.6458 29.8651 175 222538
-112.847 -41.0897 76.2962 549 222537
-107.499 -43.1556 82.9293 206 222538
-107.499 -39.2257 82.9293 131 222537
-155.41 -69.9553 9.96604 548 222399
-154.385 -66.0355 16.5991 511 222402
-152.75 -65.0825 23.2321 664 222400
-151.48 -65.1786 36.4981 377 222401
-148.82 -65.2748 49.7642 770 222388
-147.55 -65.3709 63.0302 439 222386
-148.82 -65.467 76.2962 83 222388
-144.89 -65.467 76.2962 196 222401
-143.62 -65.5631 89.5623 356 222401
-144.89 -65.6592 102.828 1055 222404
-143.62 -65.7553 116.094 425 222396
-139.69 -65.7553 116.094 638 222386
-135.76 -65.7553 116.094 120 222359
-139.69 -65.9476 142.626 353 222399
-137.03 -66.0437 155.892 482 222399
-135.76 -66.1444 169.794 533 222404
-133.1 -66.2405 183.06 351 222400
-131.83 -66.3366 196.326 469 222412
-129.17 -66.4327 209.592 489 222401
-127.9 -66.5288 222.858 405 222393
-124.637 -66.8172 262.656 742 222391
-120.707 -67.0094 289.188 704 222415
-119.437 -67.1055 302.454 305 222411
-116.777 -67.2016 315.72 559 222415
-115.507 -67.3023 329.621 424 222410
-112.847 -67.3985 342.887 349 222409
-111.577 -67.4946 356.153 386 222416
-112.847 -67.5907 369.419 285 222414
-108.917 -67.7829 395.951 347 222423
-107.647 -67.879 409.217 347 222415
-104.987 -67.9751 422.483 516 222417
-103.717 -68.0713 435.749 339 222416
-101.057 -68.1674 449.015 544 222413
-103.717 -68.2635 462.281 259 222413
-99.7865 -68.2635 462.281 390 222412
-104.987 -68.3596 475.547 277 222390
-101.057 -68.3596 475.547 67 222367
-97.1265 -68.3596 475.547 322 222417
-95.8565 -68.4603 489.448 371 222420
-116.777 -68.5564 502.715 68 222485
-93.1965 -68.5564 502.715 531 222418
-91.9265 -68.6525 515.981 419 222411
-89.2665 -68.7486 529.247 201 222424
-87.9965 -68.8448 542.513 257 222411
-89.2665 -68.9409 555.779 311 222421
-87.9965 -69.037 569.045 842 222420
-85.3365 -69.1331 582.311 330 222422
-84.0665 -69.2292 595.577 92 222439
-80.1365 -69.4214 622.109 388 222415
-80.1365 -69.6183 649.276 77 222421
-76.2065 -69.6183 649.276 299 222427
-77.4765 -69.7144 662.542 606 222428
-76.2065 -69.8105 675.808 513 222427
-73.5465 -69.9066 689.074 415 222422
-53.3265 -69.9066 689.074 635 222419
-72.2765 -70.0027 702.34 415 222422
-69.6165 -70.0988 715.606 479 222425
-68.3465 -70.1949 728.872 474 222428
-69.6165 -70.2911 742.138 417 222426
-68.3465 -70.3872 755.404 363 222430
-65.6865 -70.4833 768.67 1200 222422
-64.4165 -70.5794 781.936 495 222425
-65.6865 -70.6755 795.202 501 222424
-61.1865 -70.6755 795.202 323 222428
-59.9165 -70.7762 809.103 442 222429
-57.2565 -70.8723 822.37 583 222416
-55.9865 -70.9685 835.635 360 222416
-57.2565 -71.0646 848.902 693 222417
-55.9865 -71.1607 862.168 606 222426
-53.3265 -71.2568 875.434 420 222431
-52.0565 -71.3529 888.7 513 222428
-53.3265 -71.449 901.966 1153 222430
-52.0565 -71.5451 915.232 459 222419
-49.3965 -71.6412 928.498 500 222420
-68.3465 -71.7374 941.764 114 222439
-52.0565 -71.7374 941.764 399 222419
-48.1265 -71.7374 941.764 453 222433
-49.3965 -71.8335 955.03 463 222420
-48.1265 -71.9342 968.931 497 222422
-45.4665 -72.0303 982.197 388 222434
-44.1965 -72.1264 995.463 328 222451
-45.4665 -72.2225 1008.73 535 222439
-44.1965 -72.3186 1022 502 222443
-41.5365 -72.4148 1035.26 557 222447
-40.2665 -72.5109 1048.53 377 222421
-41.5365 -72.607 1061.79 498 222435
-40.2665 -72.7031 1075.06 419 222451
-37.6065 -72.7992 1088.33 634 222440
-36.3365 -72.8953 1101.59 376 222438
-37.6065 -72.9914 1114.86 772 222440
-36.3365 -73.0921 1128.76 419 222439
-33.6765 -73.1883 1142.02 571 222442
-32.4065 -73.2844 1155.29 479 222442
-33.6765 -73.3805 1168.56 580 222449
-32.4065 -73.4766 1181.82 568 222421
-29.7465 -73.5727 1195.09 365 222443
-32.4065 -73.6688 1208.35 326 222422
-29.7465 -73.7649 1221.62 376 222451
-28.4765 -73.8611 1234.89 404 222445
-29.7465 -73.9572 1248.15 445 222444
-28.4765 -74.0533 1261.42 462 222453
-25.8165 -74.3576 1303.43 476 222430
-25.8165 -74.5656 1332.13 601 222438
-25.8165 -74.7699 1360.34 1574 222431
-25.8165 -74.9768 1388.89 732 222433
-25.8165 -75.1772 1416.55 438 222438
-29.7465 -75.3826 1444.9 643 222435
-33.6765 -75.5891 1473.41 545 222443
-33.6765 -75.7928 1501.51 362 222444
-37.6065 -75.9957 1529.52 470 222434
-37.6065 -76.2145 1559.72 187 222442
-150.366 -66.0355 43.1311 714 222398
-148.855 -63.3755 56.3972 482 222402
-148.855 -67.3055 56.3972 305 222394
-147.345 -66.0355 69.6632 559 222402
-145.834 -67.3055 82.9293 917 222403
-144.323 -66.0355 96.1953 478 222407
-144.323 -62.1055 96.1953 157 222390
-142.813 -63.3755 109.461 92 222359
-142.813 -67.3055 109.461 1866 222405
-141.302 -66.0355 122.727 537 222401
-141.302 -62.1055 122.727 498 222538
-139.791 -63.3755 135.993 99 222381
-139.791 -67.3055 135.993 1023 222478
-138.281 -66.0355 149.259 414 222396
-138.281 -73.8955 149.259 773 222539
-136.698 -67.3055 163.161 475 222398
-135.187 -66.0355 176.427 441 222399
-133.676 -67.3055 189.693 376 222404
-133.676 -54.9456 189.693 83 222412
-132.166 -66.0355 202.959 306 222408
-130.655 -67.3055 216.225 287 222398
-129.144 -66.0355 229.491 617 222403
-127.634 -67.3055 242.757 340 222406
-126.123 -66.0355 256.023 357 222399
-124.612 -67.3055 269.289 449 222408
-123.102 -66.0355 282.555 517 222405
-121.591 -63.3755 295.821 79 222372
-121.591 -67.3055 295.821 432 222408
-120.08 -66.0355 309.087 442 222405
-118.497 -63.3755 322.988 598 222401
-118.497 -67.3055 322.988 514 222405
-116.987 -66.0355 336.254 368 222419
-115.476 -67.3055 349.52 427 222407
-112.455 -67.3055 376.052 318 222400
-112.455 -75.1655 376.052 204 222404
-109.433 -67.3055 402.584 364 222408
-106.412 -67.3055 429.116 214 222399
-104.901 -69.9655 442.382 463 222414
-101.88 -69.9655 468.914 949 222404
-100.297 -71.2355 482.815 565 222418
-98.7861 -69.9655 496.082 390 222401
-97.2755 -71.2355 509.348 424 222410
-95.7648 -69.9655 522.614 356 222408
-95.7648 -77.8254 522.614 108 222422
-94.2541 -71.2355 535.88 447 222419
-92.7434 -69.9655 549.146 455 222420
-89.7221 -69.9655 575.678 937 222413
-88.2114 -71.2355 588.944 353 222413
-85.1901 -71.2355 615.476 362 222415
-82.0964 -71.2355 642.643 581 222418
-80.5857 -73.8955 655.909 510 222406
-79.075 -71.2355 669.175 748 222422
-76.0537 -71.2355 695.707 427 222413
-74.543 -69.9655 708.973 211 222426
-73.0323 -71.2355 722.239 405 222410
-71.5217 -69.9655 735.505 411 222421
-70.011 -71.2355 748.771 481 222410
-68.5003 -69.9655 762.037 957 222411
-66.9896 -71.2355 775.303 746 222422
-65.479 -66.0355 788.569 418 222411
-65.479 -69.9655 788.569 442 222418
-63.896 -67.3055 802.47 359 222412
-63.896 -71.2355 802.47 648 222421
-62.3853 -69.9655 815.736 818 222424
-60.8746 -71.2355 829.003 287 222423
-59.3639 -69.9655 842.269 494 222422
-57.8533 -71.2355 855.535 307 222410
-56.3426 -69.9655 868.801 503 222413
-54.8319 -71.2355 882.067 489 222412
-53.3212 -69.9655 895.333 898 222412
-51.8106 -71.2355 908.599 375 222412
-50.2999 -69.9655 921.865 447 222415
-48.7892 -67.3055 935.131 151 222429
-48.7892 -71.2355 935.131 360 222444
-47.2785 -69.9655 948.397 437 222444
-47.2785 -77.8254 948.397 106 222439
-45.6955 -71.2355 962.298 439 222415
-44.1849 -69.9655 975.564 550 222438
-42.6742 -71.2355 988.83 438 222415
-41.1635 -69.9655 1002.1 670 222438
-39.6528 -71.2355 1015.36 471 222430
-38.1422 -69.9655 1028.63 575 222415
-36.6315 -71.2355 1041.89 424 222444
-35.1208 -69.9655 1055.16 356 222441
-33.6101 -71.2355 1068.43 474 222437
-32.0995 -69.9655 1081.69 553 222450
-30.5888 -71.2355 1094.96 548 222440
-29.0781 -69.9655 1108.22 754 222435
-27.4951 -71.2355 1122.13 376 222434
-25.9844 -69.9655 1135.39 428 222439
-24.4738 -71.2355 1148.66 402 222439
-22.9631 -69.9655 1161.92 459 222440
-21.4524 -71.2355 1175.19 356 222413
-19.9417 -69.9655 1188.46 331 222432
-18.4311 -71.2355 1201.72 377 222435
-16.9204 -69.9655 1214.99 591 222437
-15.4097 -71.2355 1228.25 406 222446
-13.899 -69.9655 1241.52 374 222456
-12.3884 -71.2355 1254.79 438 222437
-10.8777 -69.9655 1268.05 475 222440
-9.01 -68.7293 1284.45 368 222443
-5.8038 -68.7293 1312.61 984 222440
-2.55206 -64.7993 1341.16 69 222446
3.86603 -64.7993 1397.52 519 222451
7.08361 -64.7993 1425.78 400 222446
10.3354 -64.7993 1454.33 178 222452
13.5359 -68.7293 1482.44 396 222450
16.7193 -68.7293 1510.4 71 222460
19.9369 -76.5893 1538.65 195 222452
23.0918 -80.5192 1566.36 843 222451
188.18 -110.253 23.2321 122 225234
189.45 -111.834 36.4981 395 225226
188.18 -113.416 49.7642 557 225230
189.45 -114.998 63.0302 387 225230
185.52 -118.161 89.5623 662 225231
184.25 -119.743 102.828 353 225236
181.59 -121.324 116.094 453 225224
180.32 -122.906 129.36 253 225235
181.59 -124.488 142.626 491 225235
180.32 -126.069 155.892 376 225237
180.32 -129.308 183.06 173 225222
177.66 -130.89 196.326 379 225247
176.39 -132.472 209.592 320 225227
173.73 -134.053 222.858 394 225243
172.46 -135.635 236.124 285 225225
169.8 -137.217 249.39 49 225256
172.46 -138.798 262.656 85 225245
169.8 -140.38 275.922 389 225230
168.53 -141.962 289.188 370 225238
165.87 -143.543 302.454 425 225230
164.6 -145.125 315.72 341 225234
164.6 -148.364 342.887 364 225246
161.94 -149.946 356.153 346 225252
161.94 -153.109 382.685 100 225265
156.74 -154.691 395.951 235 225238
161.94 -156.273 409.217 480 225243
156.74 -157.854 422.483 383 225246
154.08 -159.436 435.749 346 225231
152.81 -161.018 449.015 491 225237
154.08 -162.599 462.281 147 225234
152.81 -164.181 475.547 398 225231
150.15 -165.838 489.448 202 225228
150.15 -169.002 515.981 437 225230
146.22 -172.165 542.513 706 225245
144.95 -173.747 555.779 481 225240
142.29 -175.328 569.045 287 225272
142.29 -178.492 595.577 362 225230
141.02 -180.073 608.843 365 225245
138.36 -181.655 622.109 297 225250
137.09 -183.237 635.375 450 225256
138.36 -184.894 649.276 228 225248
134.43 -184.894 649.276 86 225256
137.09 -186.476 662.542 275 225260
134.43 -188.057 675.808 373 225259
133.16 -189.639 689.074 398 225248
130.5 -191.221 702.34 262 225249
129.23 -192.802 715.606 184 225256
130.5 -194.384 728.872 170 225257
129.23 -195.966 742.138 91 225244
125.967 -197.547 755.404 96 225281
189.19 -113.195 43.1311 365 225209
188.065 -114.465 56.3972 476 225212
186.941 -117.125 69.6632 567 225207
185.816 -122.325 82.9293 605 225215
185.816 -126.858 82.9293 226 225217
184.692 -117.125 96.1953 590 225205
183.568 -122.325 109.461 713 225218
182.443 -121.055 122.727 283 225213
181.319 -122.325 135.993 196 225206
180.194 -125.588 149.259 554 225209
179.016 -126.858 163.161 456 225216
177.892 -129.518 176.427 495 225211
176.767 -130.788 189.693 402 225210
175.643 -133.448 202.959 344 225213
174.518 -134.718 216.225 635 225223
173.394 -133.448 229.491 269 225217
172.269 -126.858 242.757 145 225210
172.269 -134.718 242.757 523 225210
171.145 -137.378 256.023 483 225215
170.02 -138.648 269.289 527 225226
168.896 -141.308 282.555 497 225213
167.772 -142.578 295.821 513 225216
166.647 -145.238 309.087 472 225232
165.469 -146.508 322.988 482 225231
163.22 -150.438 349.52 117 225225
162.096 -149.168 362.786 963 225226
160.971 -150.438 376.052 555 225219
158.722 -154.368 402.584 395 225219
157.598 -157.028 415.85 417 225215
156.473 -158.298 429.116 381 225232
155.349 -160.958 442.382 327 225218
153.1 -160.958 468.914 725 225231
151.922 -166.158 482.815 218 225234
150.797 -164.888 496.082 715 225220
149.673 -166.158 509.348 414 225221
148.549 -168.818 522.614 505 225230
147.424 -170.088 535.88 941 225221
146.3 -172.748 549.146 523 225239
145.175 -174.018 562.412 817 225240
144.051 -176.678 575.678 583 225221
142.926 -177.948 588.944 419 225220
141.802 -180.608 602.21 252 225242
140.678 -181.878 615.476 176 225247
139.553 -180.608 628.742 481 225224
138.375 -181.878 642.643 503 225249
137.25 -184.538 655.909 677 225225
136.126 -185.808 669.175 458 225223
-21.8865 -166.55 23.2321 438 226291
-20.6165 -163.667 9.96604 339 226291
-21.8741 -160.958 16.5991 317 226284
-19.2607 -162.228 3.33302 308 226324
-21.8865 -166.528 23.2321 438 226291
-24.5465 -166.369 36.4981 409 226309
-25.8165 -166.211 49.7642 415 226295
-24.5465 -166.053 63.0302 531 226307
-25.8165 -165.895 76.2962 375 226312
-28.4765 -165.736 89.5623 473 226305
-29.7465 -165.578 102.828 298 226331
-32.4065 -165.42 116.094 308 226291
-29.7465 -165.262 129.36 224 226289
-32.4065 -165.103 142.626 620 226303
-33.6765 -164.945 155.892 315 226302
-32.4065 -164.779 169.794 185 226304
-33.6765 -164.621 183.06 283 226292
-36.3365 -164.463 196.326 344 226287
-37.6065 -164.305 209.592 344 226293
-40.2665 -164.146 222.858 539 226304
-41.5365 -163.988 236.124 413 226320
-40.2665 -163.83 249.39 120 226307
-41.5365 -163.672 262.656 69 226288
-44.1965 -163.513 275.922 442 226293
-45.4665 -163.355 289.188 513 226296
-44.1965 -163.197 302.454 51 226294
-45.4665 -163.039 315.72 654 226295
-44.1965 -162.873 329.621 245 226319
-45.4665 -162.715 342.887 308 226290
-48.1265 -162.556 356.153 484 226313
-49.3965 -162.398 369.419 340 226310
-48.1265 -162.24 382.685 559 226315
-52.0565 -161.924 409.217 464 226293
-53.3265 -161.765 422.483 140 226306
-52.0565 -161.607 435.749 657 226312
-53.3265 -161.449 449.015 560 226313
-52.0565 -161.291 462.281 86 226328
-53.3265 -161.132 475.547 485 226316
-52.0565 -160.967 489.448 431 226319
-53.3265 -160.808 502.715 647 226316
-55.9865 -160.65 515.981 120 226293
-57.2565 -160.492 529.247 90 226316
-55.9865 -160.334 542.513 190 226297
-59.9165 -160.334 542.513 957 226297
-24.6449 -160.958 43.1311 295 226284
-25.6289 -162.228 56.3972 562 226299
-26.6129 -164.888 69.6632 419 226301
-27.5969 -166.158 82.9293 424 226308
-29.5648 -166.158 109.461 321 226302
-30.5488 -164.888 122.727 562 226287
-31.5328 -166.158 135.993 286 226326
-32.5168 -164.888 149.259 605 226302
-33.5479 -166.158 163.161 750 226305
-34.5318 -164.888 176.427 257 226320
-35.5158 -166.158 189.693 556 226288
-36.4998 -164.888 202.959 362 226306
-37.4838 -166.158 216.225 365 226289
-38.4678 -164.888 229.491 356 226314
-39.4517 -166.158 242.757 368 226309
-40.4357 -164.888 256.023 394 226307
-41.4197 -166.158 269.289 476 226309
-42.4037 -164.888 282.555 451 226306
-43.3877 -166.158 295.821 462 226314
-44.3716 -164.888 309.087 429 226318
-45.4027 -162.228 322.988 436 226319
-46.3867 -164.888 336.254 199 226319
-47.3707 -162.228 349.52 436 226310
-48.3547 -160.958 362.786 425 226312
-49.3386 -162.228 376.052 475 226309
-51.3066 -158.298 402.584 317 226307
-52.2906 -157.028 415.85 344 226308
-54.2585 -153.098 442.382 197 226268
-56.2265 -153.098 468.914 320 226312
-57.2576 -150.438 482.815 439 226316
-58.2416 -149.168 496.082 564 226309
-59.2255 -146.508 509.348 331 226318
-60.2095 -141.308 522.614 527 226315
-61.1935 -138.648 535.88 597 226318
