-155.41 -27.3293 9.96604 651 219905
-152.75 -28.0441 23.2321 446 219914
-155.41 -28.7589 36.4981 388 219899
-152.75 -29.4738 49.7642 444 219912
-152.75 -30.9034 76.2962 421 219910
-151.48 -31.6182 89.5623 454 219912
-152.75 -32.333 102.828 315 219905
-151.48 -33.0478 116.094 522 219912
-151.48 -34.4774 142.626 454 219900
-148.82 -35.1922 155.892 392 219898
-151.48 -35.9412 169.794 105 219912
-148.82 -36.656 183.06 382 219903
-147.55 -37.3708 196.326 413 219901
-148.82 -38.0856 209.592 298 219921
-147.55 -38.8004 222.858 459 219922
-148.82 -39.5153 236.124 514 219903
-147.55 -40.2301 249.39 894 219902
-148.82 -40.9449 262.656 476 219919
-148.82 -42.3745 289.188 238 219922
-147.55 -43.0893 302.454 347 219906
-144.89 -43.8041 315.72 384 219921
-143.62 -44.5531 329.621 341 219937
-144.89 -45.2679 342.887 545 219921
-143.62 -45.9827 356.153 562 219916
-144.89 -46.6975 369.419 447 219920
-143.62 -48.842 409.217 364 219917
-140.96 -49.5568 422.483 404 219924
-140.96 -50.9864 449.015 363 219917
-139.69 -51.7012 462.281 416 219923
-140.96 -52.416 475.547 418 219906
-135.76 -53.165 489.448 346 219934
-137.03 -53.8798 502.715 502 219936
-135.76 -54.5946 515.981 375 219931
-137.03 -55.3094 529.247 373 219934
-135.76 -56.0242 542.513 408 219930
-133.1 -56.739 555.779 390 219929
-135.76 -57.4538 569.045 175 219938
-133.1 -58.1686 582.311 540 219936
-131.83 -58.8835 595.577 115 219940
-131.83 -60.3131 622.109 539 219932
-131.83 -61.7769 649.276 293 219933
-129.17 -62.4917 662.542 934 219928
-127.9 -63.2065 675.808 572 219934
-129.17 -63.9213 689.074 385 219928
-127.9 -64.6361 702.34 594 219932
-129.17 -65.3509 715.606 348 219929
-127.9 -66.0657 728.872 437 219933
-124.637 -66.7805 742.138 319 219941
-124.637 -68.2102 768.67 509 219940
-123.367 -68.925 781.936 306 219931
-124.637 -69.6398 795.202 501 219940
-123.367 -70.3888 809.103 593 219943
-120.707 -71.1036 822.37 1165 219933
-123.367 -71.8184 835.635 336 219935
-119.437 -71.8184 835.635 543 219934
-124.637 -72.5332 848.902 51 219931
-120.707 -72.5332 848.902 484 219940
-119.437 -73.248 862.168 459 219942
-120.707 -73.9628 875.434 135 219937
-119.437 -74.6776 888.7 504 219952
-116.777 -75.3924 901.966 406 219942
-115.507 -76.1072 915.232 485 219946
-116.777 -76.822 928.498 351 219951
-115.507 -77.5368 941.764 1050 219951
-115.507 -79.0007 968.931 420 219952
-112.847 -79.7155 982.197 605 219940
-111.577 -80.4303 995.463 293 219940
-112.847 -81.1451 1008.73 357 219946
-111.577 -81.8599 1022 453 219944
-112.847 -82.5747 1035.26 139 219942
-108.917 -82.5747 1035.26 267 219964
-111.577 -83.2895 1048.53 407 219954
-108.917 -84.0043 1061.79 596 219942
-111.577 -84.7191 1075.06 393 219945
-107.647 -84.7191 1075.06 414 219957
-108.917 -85.4339 1088.33 917 219948
-107.647 -86.1487 1101.59 628 219948
-104.987 -86.8635 1114.86 364 219965
-103.717 -87.6126 1128.76 708 219953
-104.987 -88.3274 1142.02 376 219948
-103.717 -89.0422 1155.29 684 219950
-101.057 -89.757 1168.56 853 219949
-99.7865 -90.4718 1181.82 303 219951
-101.057 -91.1866 1195.09 442 219956
-99.7865 -91.9014 1208.35 509 219954
-97.1265 -92.6162 1221.62 117 219962
-99.7865 -93.331 1234.89 500 219953
-97.1265 -94.0458 1248.15 457 219953
-95.8565 -94.7606 1261.42 522 219955
-97.1265 -95.4754 1274.68 312 219950
-93.1965 -97.024 1303.43 359 219950
-93.1965 -98.5707 1332.13 1057 219948
-93.1965 -100.091 1360.34 369 219942
-89.2665 -101.629 1388.89 467 219948
-89.2665 -103.119 1416.55 509 219942
-89.2665 -104.647 1444.9 927 219950
-89.2665 -106.183 1473.41 695 219952
-89.2665 -107.697 1501.51 495 219946
-89.2665 -109.206 1529.52 411 219957
-89.2665 -112.195 1584.99 405 219949
-85.3365 -112.195 1584.99 303 219950
-153.76 -30.0957 43.1311 342 219914
-152.755 -30.0957 69.6632 620 219912
-152.253 -31.3657 82.9293 436 219898
-151.75 -30.0957 96.1953 380 219915
-151.247 -31.3657 109.461 432 219915
-150.745 -34.0257 122.727 278 219900
-150.242 -31.3657 135.993 103 219935
-150.242 -35.2957 135.993 157 219926
-149.74 -34.0257 149.259 331 219926
-149.213 -35.2957 163.161 453 219915
-148.71 -34.0257 176.427 318 219927
-148.208 -35.2957 189.693 358 219895
-147.203 -35.2957 216.225 333 219897
-146.7 -37.9557 229.491 399 219922
-146.197 -39.2257 242.757 463 219923
-145.695 -37.9557 256.023 397 219923
-145.192 -39.2257 269.289 395 219929
-144.187 -39.2257 295.821 350 219922
-143.684 -41.8856 309.087 447 219923
-143.158 -43.1556 322.988 295 219918
-142.655 -41.8856 336.254 317 219923
-142.153 -43.1556 349.52 448 219924
-141.65 -41.8856 362.786 310 219919
-141.147 -43.1556 376.052 459 219928
-140.142 -47.0856 402.584 328 219930
-139.64 -45.8156 415.85 629 219921
-138.634 -49.7456 442.382 447 219926
-138.132 -51.0156 455.648 106 219929
-137.629 -49.7456 468.914 733 219921
-137.103 -51.0156 482.815 561 219931
-136.6 -49.7456 496.082 460 219936
-136.097 -51.0156 509.348 529 219927
-135.595 -53.6756 522.614 478 219926
-135.092 -54.9456 535.88 387 219931
-134.59 -53.6756 549.146 446 219925
-134.087 -54.9456 562.412 283 219931
-133.584 -57.6055 575.678 349 219929
-133.082 -58.8755 588.944 378 219932
-132.579 -57.6055 602.21 223 219920
-132.077 -58.8755 615.476 420 219941
-131.574 -62.1055 628.742 523 219917
-131.047 -63.3755 642.643 454 219935
-130.545 -62.1055 655.909 493 219932
-130.042 -63.3755 669.175 515 219933
-129.54 -66.0355 682.441 437 219931
-129.037 -67.3055 695.707 410 219923
-128.534 -66.0355 708.973 426 219922
-128.032 -67.3055 722.239 408 219925
-127.529 -69.9655 735.505 533 219937
-127.027 -71.2355 748.771 280 219917
-126.524 -69.9655 762.037 568 219926
-126.022 -47.0856 775.303 250 219938
-126.022 -71.2355 775.303 558 219937
-125.519 -69.9655 788.569 346 219931
-124.992 -71.2355 802.47 226 219919
-124.992 -75.1655 802.47 384 219927
-124.49 -73.8955 815.736 767 219923
-123.987 -75.1655 829.003 270 219914
-123.987 -79.0955 829.003 480 219931
-123.485 -77.8254 842.269 296 219931
-122.479 -77.8254 868.801 452 219954
-121.977 -79.0955 882.067 476 219950
-121.474 -81.7554 895.333 465 219945
-120.972 -83.0254 908.599 343 219939
-120.469 -81.7554 921.865 479 219949
-119.966 -83.0254 935.131 432 219942
-119.464 -85.6854 948.397 346 219927
-118.937 -86.9554 962.298 523 219931
-118.435 -85.6854 975.564 581 219947
-117.932 -86.9554 988.83 389 219928
-117.932 -90.8854 988.83 407 219947
-117.429 -89.6154 1002.1 603 219950
-116.927 -90.8854 1015.36 492 219959
-116.424 -89.6154 1028.63 927 219947
-115.922 -90.8854 1041.89 414 219950
-115.419 -93.5454 1055.16 367 219962
-114.916 -94.8154 1068.43 475 219958
-114.414 -93.5454 1081.69 731 219956
-113.911 -90.8854 1094.96 153 219938
-113.911 -94.8154 1094.96 593 219946
-113.409 -97.4753 1108.22 467 219953
-112.882 -94.8154 1122.13 301 219971
-112.379 -97.4753 1135.39 477 219955
-111.877 -98.7453 1148.66 331 219954
-111.374 -101.405 1161.92 157 219984
-110.872 -98.7453 1175.19 277 219957
-110.369 -101.405 1188.46 330 219954
-109.866 -102.675 1201.72 380 219950
-109.364 -101.405 1214.99 89 219955
-109.364 -113.195 1214.99 61 219960
-108.861 -102.675 1228.25 314 219965
-108.359 -105.335 1241.52 443 219956
-107.856 -106.605 1254.79 622 219953
-107.353 -105.335 1268.05 336 219959
-106.732 -104.099 1284.45 400 219954
-105.665 -108.029 1312.61 347 219952
-104.584 -108.029 1341.16 406 219967
-103.502 -108.029 1369.72 407 219962
-102.448 -111.959 1397.52 587 219966
-101.378 -111.959 1425.78 373 219963
-100.296 -115.889 1454.33 147 219957
-99.2313 -115.889 1482.44 374 219961
-98.1722 -119.819 1510.4 349 219966
-97.1017 -119.819 1538.65 159 219966
-96.0521 -124.352 1566.36 600 219967
-147.55 -37.8849 9.96604 413 221150
-140.96 -39.8271 23.2321 505 221148
-135.76 -41.7692 36.4981 545 221158
-129.17 -43.7114 49.7642 731 221147
-123.367 -45.6536 63.0302 435 221164
-116.777 -47.5958 76.2962 311 221163
-111.577 -49.538 89.5623 424 221150
-104.987 -51.4802 102.828 292 221150
-99.7865 -53.4224 116.094 446 221150
-91.9265 -57.3067 142.626 426 221150
-85.3365 -59.2489 155.892 580 221160
-81.4065 -59.2489 155.892 98 221145
-143.727 -41.8856 16.5991 404 221146
-137.94 -43.1556 29.8651 657 221171
-132.154 -41.8856 43.1311 114 221181
-120.582 -45.8156 69.6632 585 221165
-114.795 -47.0856 82.9293 360 221167
-109.009 -49.7456 96.1953 532 221173
-103.223 -51.0156 109.461 612 221147
-97.4368 -53.6756 122.727 431 221165
-91.6506 -58.8755 135.993 426 221168
-85.8644 -62.1055 149.259 577 221162
-79.8012 -63.3755 163.161 548 221154
-186.85 -107.457 1261.42 311 221999
-188.12 -109.474 1274.68 260 222016
-184.19 -113.844 1303.43 435 221996
-180.26 -118.208 1332.13 680 221998
-176.33 -122.497 1360.34 794 222005
-172.4 -126.838 1388.89 659 222004
-164.54 -131.043 1416.55 558 222010
-160.61 -135.354 1444.9 433 222002
-152.75 -139.688 1473.41 524 222005
-148.82 -143.961 1501.51 184 221998
-144.89 -143.961 1501.51 337 222006
-137.03 -148.218 1529.52 678 222013
-207.714 -94.8154 1175.19 60 221995
-205.287 -97.4753 1188.46 75 221990
-202.861 -98.7453 1201.72 85 222034
-200.435 -101.405 1214.99 144 222017
-198.009 -102.675 1228.25 339 222009
-195.583 -105.335 1241.52 273 221992
-193.157 -106.605 1254.79 218 222010
-190.73 -109.265 1268.05 256 222026
-187.731 -108.029 1284.45 292 222017
-182.582 -111.959 1312.61 224 222013
-182.582 -115.889 1312.61 97 222042
-177.359 -115.889 1341.16 307 222015
-167.052 -128.282 1397.52 312 221991
-161.885 -132.212 1425.78 406 222022
-156.662 -136.142 1454.33 772 222021
-151.522 -144.002 1482.44 351 222032
-146.41 -147.932 1510.4 404 222018
-141.242 -147.932 1538.65 358 222023
154.08 186.258 1261.42 936 223839
160.67 188.067 1274.68 2101 223836
164.6 188.067 1274.68 65 223757
153.254 190.489 1254.79 390 223845
158.78 179.969 1268.05 307 223826
158.78 183.899 1268.05 145 223804
158.78 191.759 1268.05 1089 223826
35.0065 44.2096 1022 298 223811
38.9365 44.2096 1022 811 223833
37.6665 24.3529 1035.26 66 223835
37.2127 45.1769 1028.63 280 223813
37.2127 41.247 1028.63 460 223816
37.2127 37.317 1028.63 384 223817
37.2127 33.387 1028.63 435 223820
-49.3965 177.299 1088.33 635 223803
-48.1265 180.565 1101.59 767 223805
-52.0565 180.565 1101.59 696 223811
-49.3965 183.83 1114.86 203 223796
-53.3265 183.83 1114.86 819 223812
-73.5465 190.517 1142.02 124 223823
-53.0484 179.969 1108.22 701 223818
-53.0484 183.899 1108.22 314 223808
-67.4879 156.389 1135.39 838 223823
-67.4879 191.759 1135.39 401 223825
-88.6409 182.629 1175.19 132 223850
49.4565 59.0947 1303.43 47 223789
61.2465 59.0947 1303.43 553 223837
65.7465 59.0947 1303.43 662 223817
69.6765 59.0947 1303.43 751 223826
73.6065 59.0947 1303.43 711 223826
76.3977 66.063 1312.61 195 223778
76.3977 62.1331 1312.61 423 223835
76.3977 58.2031 1312.61 420 223835
